    93.393142700    20.426172256   -30.817970276
    93.392417908    20.425983429   -30.884063721
    93.391693115    20.425794601   -30.950160980
    93.390960693    20.425605774   -31.016254425
    93.390235901    20.425416946   -31.082347870
    93.389511108    20.425228119   -31.148443222
    93.388793945    20.425041199   -31.214536667
    93.388069153    20.424852371   -31.280630112
    93.387344360    20.424663544   -31.346727371
    93.386611938    20.424474716   -31.412820816
    93.385887146    20.424285889   -31.478914261
    93.385162354    20.424097061   -31.545009613
    93.384437561    20.423908234   -31.611103058
    93.383712769    20.423719406   -31.677196503
    93.382995605    20.423534393   -31.743293762
    93.382263184    20.423345566   -31.809387207
    93.381538391    20.423156738   -31.875480652
    93.380813599    20.422967911   -31.941576004
    93.380088806    20.422779083   -32.007671356
    93.379364014    20.422590256   -32.073764801
    93.378639221    20.422401428   -32.139858246
    93.377906799    20.422212601   -32.205951691
    93.377189636    20.422025681   -32.272045135
    93.376464844    20.421836853   -32.338142395
    93.375740051    20.421648026   -32.404235840
    93.375015259    20.421459198   -32.470329285
    93.374290466    20.421270370   -32.536422729
    93.373558044    20.421081543   -32.602519989
    93.372833252    20.420892715   -32.668613434
    93.372116089    20.420705795   -32.734706879
    93.371391296    20.420516968   -32.800800323
    93.392837524    20.427131653   -30.817970276
    93.392112732    20.426942825   -30.884063721
    93.391387939    20.426755905   -30.950160980
    93.390663147    20.426567078   -31.016254425
    93.389930725    20.426378250   -31.082347870
    93.389205933    20.426189423   -31.148443222
    93.388488770    20.426002502   -31.214536667
    93.387763977    20.425813675   -31.280630112
    93.387039185    20.425624847   -31.346727371
    93.386314392    20.425436020   -31.412820816
    93.385581970    20.425247192   -31.478914261
    93.384857178    20.425058365   -31.545009613
    93.384132385    20.424869537   -31.611103058
    93.383407593    20.424680710   -31.677196503
    93.382690430    20.424493790   -31.743293762
    93.381965637    20.424304962   -31.809387207
    93.381233215    20.424116135   -31.875480652
    93.380508423    20.423927307   -31.941576004
    93.379783630    20.423738480   -32.007671356
    93.379058838    20.423549652   -32.073764801
    93.378334045    20.423362732   -32.139858246
    93.377609253    20.423173904   -32.205951691
    93.376884460    20.422986984   -32.272045135
    93.376159668    20.422798157   -32.338142395
    93.375434875    20.422609329   -32.404235840
    93.374710083    20.422420502   -32.470329285
    93.373985291    20.422231674   -32.536422729
    93.373260498    20.422042847   -32.602519989
    93.372528076    20.421854019   -32.668613434
    93.371810913    20.421667099   -32.734706879
    93.371086121    20.421478271   -32.800800323
    93.392532349    20.428092957   -30.817970276
    93.391807556    20.427904129   -30.884063721
    93.391082764    20.427715302   -30.950160980
    93.390357971    20.427526474   -31.016254425
    93.389633179    20.427337646   -31.082347870
    93.388900757    20.427148819   -31.148443222
    93.388183594    20.426961899   -31.214536667
    93.387458801    20.426774979   -31.280630112
    93.386734009    20.426586151   -31.346727371
    93.386009216    20.426397324   -31.412820816
    93.385284424    20.426208496   -31.478914261
    93.384552002    20.426019669   -31.545009613
    93.383827209    20.425830841   -31.611103058
    93.383102417    20.425642014   -31.677196503
    93.382385254    20.425455093   -31.743293762
    93.381660461    20.425266266   -31.809387207
    93.380935669    20.425077438   -31.875480652
    93.380203247    20.424888611   -31.941576004
    93.379478455    20.424699783   -32.007671356
    93.378753662    20.424510956   -32.073764801
    93.378028870    20.424322128   -32.139858246
    93.377304077    20.424133301   -32.205951691
    93.376586914    20.423946381   -32.272045135
    93.375854492    20.423757553   -32.338142395
    93.375129700    20.423568726   -32.404235840
    93.374404907    20.423381805   -32.470329285
    93.373680115    20.423192978   -32.536422729
    93.372955322    20.423004150   -32.602519989
    93.372230530    20.422815323   -32.668613434
    93.371505737    20.422628403   -32.734706879
    93.370780945    20.422439575   -32.800800323
    93.392227173    20.429054260   -30.817970276
    93.391502380    20.428865433   -30.884063721
    93.390777588    20.428676605   -30.950160980
    93.390052795    20.428487778   -31.016254425
    93.389328003    20.428298950   -31.082347870
    93.388603210    20.428110123   -31.148443222
    93.387878418    20.427923203   -31.214536667
    93.387153625    20.427734375   -31.280630112
    93.386428833    20.427545547   -31.346727371
    93.385704041    20.427356720   -31.412820816
    93.384979248    20.427167892   -31.478914261
    93.384254456    20.426979065   -31.545009613
    93.383522034    20.426790237   -31.611103058
    93.382797241    20.426603317   -31.677196503
    93.382080078    20.426416397   -31.743293762
    93.381355286    20.426227570   -31.809387207
    93.380630493    20.426038742   -31.875480652
    93.379905701    20.425849915   -31.941576004
    93.379173279    20.425661087   -32.007671356
    93.378448486    20.425472260   -32.073764801
    93.377723694    20.425283432   -32.139858246
    93.376998901    20.425094604   -32.205951691
    93.376281738    20.424907684   -32.272045135
    93.375556946    20.424718857   -32.338142395
    93.374824524    20.424530029   -32.404235840
    93.374099731    20.424341202   -32.470329285
    93.373374939    20.424152374   -32.536422729
    93.372650146    20.423963547   -32.602519989
    93.371925354    20.423774719   -32.668613434
    93.371200562    20.423587799   -32.734706879
    93.370475769    20.423398972   -32.800800323
    93.391929626    20.430015564   -30.817970276
    93.391197205    20.429826736   -30.884063721
    93.390472412    20.429637909   -30.950160980
    93.389747620    20.429449081   -31.016254425
    93.389022827    20.429260254   -31.082347870
    93.388298035    20.429071426   -31.148443222
    93.387580872    20.428884506   -31.214536667
    93.386848450    20.428695679   -31.280630112
    93.386123657    20.428506851   -31.346727371
    93.385398865    20.428318024   -31.412820816
    93.384674072    20.428129196   -31.478914261
    93.383949280    20.427940369   -31.545009613
    93.383224487    20.427751541   -31.611103058
    93.382492065    20.427562714   -31.677196503
    93.381774902    20.427375793   -31.743293762
    93.381050110    20.427186966   -31.809387207
    93.380325317    20.426998138   -31.875480652
    93.379600525    20.426809311   -31.941576004
    93.378875732    20.426622391   -32.007671356
    93.378143311    20.426433563   -32.073764801
    93.377418518    20.426244736   -32.139858246
    93.376693726    20.426055908   -32.205951691
    93.375976562    20.425868988   -32.272045135
    93.375251770    20.425680161   -32.338142395
    93.374526978    20.425491333   -32.404235840
    93.373794556    20.425302505   -32.470329285
    93.373069763    20.425113678   -32.536422729
    93.372344971    20.424924850   -32.602519989
    93.371620178    20.424736023   -32.668613434
    93.370903015    20.424549103   -32.734706879
    93.370170593    20.424360275   -32.800800323
    93.391624451    20.430974960   -30.817970276
    93.390899658    20.430786133   -30.884063721
    93.390167236    20.430597305   -30.950160980
    93.389442444    20.430408478   -31.016254425
    93.388717651    20.430219650   -31.082347870
    93.387992859    20.430032730   -31.148443222
    93.387275696    20.429845810   -31.214536667
    93.386550903    20.429656982   -31.280630112
    93.385818481    20.429468155   -31.346727371
    93.385093689    20.429279327   -31.412820816
    93.384368896    20.429090500   -31.478914261
    93.383644104    20.428901672   -31.545009613
    93.382919312    20.428712845   -31.611103058
    93.382194519    20.428524017   -31.677196503
    93.381469727    20.428337097   -31.743293762
    93.380744934    20.428148270   -31.809387207
    93.380020142    20.427959442   -31.875480652
    93.379295349    20.427770615   -31.941576004
    93.378570557    20.427581787   -32.007671356
    93.377845764    20.427392960   -32.073764801
    93.377113342    20.427204132   -32.139858246
    93.376388550    20.427015305   -32.205951691
    93.375671387    20.426828384   -32.272045135
    93.374946594    20.426641464   -32.338142395
    93.374221802    20.426452637   -32.404235840
    93.373497009    20.426263809   -32.470329285
    93.372764587    20.426074982   -32.536422729
    93.372039795    20.425886154   -32.602519989
    93.371315002    20.425697327   -32.668613434
    93.370597839    20.425510406   -32.734706879
    93.369873047    20.425321579   -32.800800323
    93.391319275    20.431936264   -30.817970276
    93.390594482    20.431747437   -30.884063721
    93.389869690    20.431558609   -30.950160980
    93.389137268    20.431369781   -31.016254425
    93.388412476    20.431180954   -31.082347870
    93.387687683    20.430992126   -31.148443222
    93.386970520    20.430805206   -31.214536667
    93.386245728    20.430616379   -31.280630112
    93.385520935    20.430427551   -31.346727371
    93.384788513    20.430238724   -31.412820816
    93.384063721    20.430049896   -31.478914261
    93.383338928    20.429862976   -31.545009613
    93.382614136    20.429674149   -31.611103058
    93.381889343    20.429485321   -31.677196503
    93.381172180    20.429298401   -31.743293762
    93.380439758    20.429109573   -31.809387207
    93.379714966    20.428920746   -31.875480652
    93.378990173    20.428731918   -31.941576004
    93.378265381    20.428543091   -32.007671356
    93.377540588    20.428354263   -32.073764801
    93.376815796    20.428165436   -32.139858246
    93.376083374    20.427976608   -32.205951691
    93.375366211    20.427789688   -32.272045135
    93.374641418    20.427600861   -32.338142395
    93.373916626    20.427412033   -32.404235840
    93.373191833    20.427223206   -32.470329285
    93.372467041    20.427034378   -32.536422729
    93.371734619    20.426845551   -32.602519989
    93.371009827    20.426656723   -32.668613434
    93.370292664    20.426471710   -32.734706879
    93.369567871    20.426282883   -32.800800323
    93.391014099    20.432897568   -30.817970276
    93.390289307    20.432708740   -30.884063721
    93.389564514    20.432519913   -30.950160980
    93.388839722    20.432331085   -31.016254425
    93.388107300    20.432142258   -31.082347870
    93.387382507    20.431953430   -31.148443222
    93.386665344    20.431766510   -31.214536667
    93.385940552    20.431577682   -31.280630112
    93.385215759    20.431388855   -31.346727371
    93.384490967    20.431200027   -31.412820816
    93.383758545    20.431011200   -31.478914261
    93.383033752    20.430822372   -31.545009613
    93.382308960    20.430633545   -31.611103058
    93.381584167    20.430444717   -31.677196503
    93.380867004    20.430257797   -31.743293762
    93.380142212    20.430068970   -31.809387207
    93.379409790    20.429882050   -31.875480652
    93.378684998    20.429693222   -31.941576004
    93.377960205    20.429504395   -32.007671356
    93.377235413    20.429315567   -32.073764801
    93.376510620    20.429126740   -32.139858246
    93.375785828    20.428937912   -32.205951691
    93.375061035    20.428750992   -32.272045135
    93.374336243    20.428562164   -32.338142395
    93.373611450    20.428373337   -32.404235840
    93.372886658    20.428184509   -32.470329285
    93.372161865    20.427995682   -32.536422729
    93.371437073    20.427806854   -32.602519989
    93.370704651    20.427618027   -32.668613434
    93.369987488    20.427431107   -32.734706879
    93.369262695    20.427242279   -32.800800323
    93.390708923    20.433856964   -30.817970276
    93.389984131    20.433668137   -30.884063721
    93.389259338    20.433479309   -30.950160980
    93.388534546    20.433290482   -31.016254425
    93.387809753    20.433103561   -31.082347870
    93.387077332    20.432914734   -31.148443222
    93.386360168    20.432727814   -31.214536667
    93.385635376    20.432538986   -31.280630112
    93.384910583    20.432350159   -31.346727371
    93.384185791    20.432161331   -31.412820816
    93.383460999    20.431972504   -31.478914261
    93.382728577    20.431783676   -31.545009613
    93.382003784    20.431594849   -31.611103058
    93.381278992    20.431406021   -31.677196503
    93.380561829    20.431219101   -31.743293762
    93.379837036    20.431030273   -31.809387207
    93.379112244    20.430841446   -31.875480652
    93.378379822    20.430652618   -31.941576004
    93.377655029    20.430463791   -32.007671356
    93.376930237    20.430274963   -32.073764801
    93.376205444    20.430086136   -32.139858246
    93.375480652    20.429897308   -32.205951691
    93.374763489    20.429712296   -32.272045135
    93.374031067    20.429523468   -32.338142395
    93.373306274    20.429334641   -32.404235840
    93.372581482    20.429145813   -32.470329285
    93.371856689    20.428956985   -32.536422729
    93.371131897    20.428768158   -32.602519989
    93.370407104    20.428579330   -32.668613434
    93.369682312    20.428392410   -32.734706879
    93.368957520    20.428203583   -32.800800323
    93.390403748    20.434818268   -30.817970276
    93.389678955    20.434629440   -30.884063721
    93.388954163    20.434440613   -30.950160980
    93.388229370    20.434251785   -31.016254425
    93.387504578    20.434062958   -31.082347870
    93.386779785    20.433874130   -31.148443222
    93.386054993    20.433687210   -31.214536667
    93.385330200    20.433498383   -31.280630112
    93.384605408    20.433309555   -31.346727371
    93.383880615    20.433122635   -31.412820816
    93.383155823    20.432933807   -31.478914261
    93.382431030    20.432744980   -31.545009613
    93.381698608    20.432556152   -31.611103058
    93.380973816    20.432367325   -31.677196503
    93.380256653    20.432180405   -31.743293762
    93.379531860    20.431991577   -31.809387207
    93.378807068    20.431802750   -31.875480652
    93.378082275    20.431613922   -31.941576004
    93.377349854    20.431425095   -32.007671356
    93.376625061    20.431236267   -32.073764801
    93.375900269    20.431047440   -32.139858246
    93.375175476    20.430858612   -32.205951691
    93.374458313    20.430671692   -32.272045135
    93.373733521    20.430482864   -32.338142395
    93.373001099    20.430294037   -32.404235840
    93.372276306    20.430105209   -32.470329285
    93.371551514    20.429916382   -32.536422729
    93.370826721    20.429729462   -32.602519989
    93.370101929    20.429540634   -32.668613434
    93.369377136    20.429353714   -32.734706879
    93.368652344    20.429164886   -32.800800323
    93.390106201    20.435779572   -30.817970276
    93.389373779    20.435590744   -30.884063721
    93.388648987    20.435401917   -30.950160980
    93.387924194    20.435213089   -31.016254425
    93.387199402    20.435024261   -31.082347870
    93.386474609    20.434835434   -31.148443222
    93.385757446    20.434648514   -31.214536667
    93.385025024    20.434459686   -31.280630112
    93.384300232    20.434270859   -31.346727371
    93.383575439    20.434082031   -31.412820816
    93.382850647    20.433893204   -31.478914261
    93.382125854    20.433704376   -31.545009613
    93.381401062    20.433515549   -31.611103058
    93.380668640    20.433326721   -31.677196503
    93.379951477    20.433141708   -31.743293762
    93.379226685    20.432952881   -31.809387207
    93.378501892    20.432764053   -31.875480652
    93.377777100    20.432575226   -31.941576004
    93.377052307    20.432386398   -32.007671356
    93.376319885    20.432197571   -32.073764801
    93.375595093    20.432008743   -32.139858246
    93.374870300    20.431819916   -32.205951691
    93.374153137    20.431632996   -32.272045135
    93.373428345    20.431444168   -32.338142395
    93.372703552    20.431255341   -32.404235840
    93.371971130    20.431066513   -32.470329285
    93.371246338    20.430877686   -32.536422729
    93.370521545    20.430688858   -32.602519989
    93.369796753    20.430500031   -32.668613434
    93.369079590    20.430313110   -32.734706879
    93.368347168    20.430124283   -32.800800323
    93.389801025    20.436738968   -30.817970276
    93.389076233    20.436550140   -30.884063721
    93.388343811    20.436363220   -30.950160980
    93.387619019    20.436174393   -31.016254425
    93.386894226    20.435985565   -31.082347870
    93.386169434    20.435796738   -31.148443222
    93.385452271    20.435609818   -31.214536667
    93.384727478    20.435420990   -31.280630112
    93.383995056    20.435232162   -31.346727371
    93.383270264    20.435043335   -31.412820816
    93.382545471    20.434854507   -31.478914261
    93.381820679    20.434665680   -31.545009613
    93.381095886    20.434476852   -31.611103058
    93.380371094    20.434288025   -31.677196503
    93.379646301    20.434101105   -31.743293762
    93.378921509    20.433912277   -31.809387207
    93.378196716    20.433723450   -31.875480652
    93.377471924    20.433534622   -31.941576004
    93.376747131    20.433345795   -32.007671356
    93.376022339    20.433156967   -32.073764801
    93.375289917    20.432970047   -32.139858246
    93.374565125    20.432781219   -32.205951691
    93.373847961    20.432594299   -32.272045135
    93.373123169    20.432405472   -32.338142395
    93.372398376    20.432216644   -32.404235840
    93.371673584    20.432027817   -32.470329285
    93.370941162    20.431838989   -32.536422729
    93.370216370    20.431650162   -32.602519989
    93.369491577    20.431461334   -32.668613434
    93.368774414    20.431274414   -32.734706879
    93.368049622    20.431085587   -32.800800323
    93.389495850    20.437700272   -30.817970276
    93.388771057    20.437511444   -30.884063721
    93.388046265    20.437322617   -30.950160980
    93.387313843    20.437133789   -31.016254425
    93.386589050    20.436944962   -31.082347870
    93.385864258    20.436756134   -31.148443222
    93.385147095    20.436569214   -31.214536667
    93.384422302    20.436382294   -31.280630112
    93.383697510    20.436193466   -31.346727371
    93.382965088    20.436004639   -31.412820816
    93.382240295    20.435815811   -31.478914261
    93.381515503    20.435626984   -31.545009613
    93.380790710    20.435438156   -31.611103058
    93.380065918    20.435249329   -31.677196503
    93.379348755    20.435062408   -31.743293762
    93.378616333    20.434873581   -31.809387207
    93.377891541    20.434684753   -31.875480652
    93.377166748    20.434495926   -31.941576004
    93.376441956    20.434307098   -32.007671356
    93.375717163    20.434118271   -32.073764801
    93.374992371    20.433929443   -32.139858246
    93.374259949    20.433740616   -32.205951691
    93.373542786    20.433553696   -32.272045135
    93.372817993    20.433364868   -32.338142395
    93.372093201    20.433176041   -32.404235840
    93.371368408    20.432989120   -32.470329285
    93.370643616    20.432800293   -32.536422729
    93.369911194    20.432611465   -32.602519989
    93.369186401    20.432422638   -32.668613434
    93.368469238    20.432235718   -32.734706879
    93.367744446    20.432046890   -32.800800323
    93.389190674    20.438661575   -30.817970276
    93.388465881    20.438472748   -30.884063721
    93.387741089    20.438283920   -30.950160980
    93.387016296    20.438095093   -31.016254425
    93.386283875    20.437906265   -31.082347870
    93.385559082    20.437717438   -31.148443222
    93.384841919    20.437530518   -31.214536667
    93.384117126    20.437341690   -31.280630112
    93.383392334    20.437152863   -31.346727371
    93.382667542    20.436964035   -31.412820816
    93.381935120    20.436775208   -31.478914261
    93.381210327    20.436586380   -31.545009613
    93.380485535    20.436399460   -31.611103058
    93.379760742    20.436210632   -31.677196503
    93.379043579    20.436023712   -31.743293762
    93.378318787    20.435834885   -31.809387207
    93.377586365    20.435646057   -31.875480652
    93.376861572    20.435457230   -31.941576004
    93.376136780    20.435268402   -32.007671356
    93.375411987    20.435079575   -32.073764801
    93.374687195    20.434890747   -32.139858246
    93.373962402    20.434701920   -32.205951691
    93.373237610    20.434514999   -32.272045135
    93.372512817    20.434326172   -32.338142395
    93.371788025    20.434137344   -32.404235840
    93.371063232    20.433948517   -32.470329285
    93.370338440    20.433759689   -32.536422729
    93.369613647    20.433570862   -32.602519989
    93.368881226    20.433382034   -32.668613434
    93.368164062    20.433195114   -32.734706879
    93.367439270    20.433006287   -32.800800323
    93.388885498    20.439622879   -30.817970276
    93.388160706    20.439434052   -30.884063721
    93.387435913    20.439245224   -30.950160980
    93.386711121    20.439056396   -31.016254425
    93.385986328    20.438867569   -31.082347870
    93.385253906    20.438678741   -31.148443222
    93.384536743    20.438491821   -31.214536667
    93.383811951    20.438302994   -31.280630112
    93.383087158    20.438114166   -31.346727371
    93.382362366    20.437925339   -31.412820816
    93.381637573    20.437736511   -31.478914261
    93.380905151    20.437547684   -31.545009613
    93.380180359    20.437358856   -31.611103058
    93.379455566    20.437170029   -31.677196503
    93.378738403    20.436983109   -31.743293762
    93.378013611    20.436794281   -31.809387207
    93.377288818    20.436605453   -31.875480652
    93.376556396    20.436416626   -31.941576004
    93.375831604    20.436229706   -32.007671356
    93.375106812    20.436040878   -32.073764801
    93.374382019    20.435852051   -32.139858246
    93.373657227    20.435663223   -32.205951691
    93.372932434    20.435476303   -32.272045135
    93.372207642    20.435287476   -32.338142395
    93.371482849    20.435098648   -32.404235840
    93.370758057    20.434909821   -32.470329285
    93.370033264    20.434720993   -32.536422729
    93.369308472    20.434532166   -32.602519989
    93.368583679    20.434343338   -32.668613434
    93.367858887    20.434156418   -32.734706879
    93.367134094    20.433967590   -32.800800323
    93.388580322    20.440582275   -30.817970276
    93.387855530    20.440393448   -30.884063721
    93.387130737    20.440204620   -30.950160980
    93.386405945    20.440015793   -31.016254425
    93.385681152    20.439826965   -31.082347870
    93.384956360    20.439640045   -31.148443222
    93.384231567    20.439453125   -31.214536667
    93.383506775    20.439264297   -31.280630112
    93.382781982    20.439075470   -31.346727371
    93.382057190    20.438886642   -31.412820816
    93.381332397    20.438697815   -31.478914261
    93.380607605    20.438508987   -31.545009613
    93.379875183    20.438320160   -31.611103058
    93.379150391    20.438131332   -31.677196503
    93.378433228    20.437944412   -31.743293762
    93.377708435    20.437755585   -31.809387207
    93.376983643    20.437566757   -31.875480652
    93.376258850    20.437377930   -31.941576004
    93.375526428    20.437189102   -32.007671356
    93.374801636    20.437000275   -32.073764801
    93.374076843    20.436811447   -32.139858246
    93.373352051    20.436622620   -32.205951691
    93.372634888    20.436435699   -32.272045135
    93.371902466    20.436248779   -32.338142395
    93.371177673    20.436059952   -32.404235840
    93.370452881    20.435871124   -32.470329285
    93.369728088    20.435682297   -32.536422729
    93.369003296    20.435493469   -32.602519989
    93.368278503    20.435304642   -32.668613434
    93.367553711    20.435117722   -32.734706879
    93.366828918    20.434928894   -32.800800323
    93.388282776    20.441543579   -30.817970276
    93.387550354    20.441354752   -30.884063721
    93.386825562    20.441165924   -30.950160980
    93.386100769    20.440977097   -31.016254425
    93.385375977    20.440788269   -31.082347870
    93.384651184    20.440599442   -31.148443222
    93.383934021    20.440412521   -31.214536667
    93.383201599    20.440223694   -31.280630112
    93.382476807    20.440034866   -31.346727371
    93.381752014    20.439846039   -31.412820816
    93.381027222    20.439657211   -31.478914261
    93.380302429    20.439470291   -31.545009613
    93.379577637    20.439281464   -31.611103058
    93.378845215    20.439092636   -31.677196503
    93.378128052    20.438905716   -31.743293762
    93.377403259    20.438716888   -31.809387207
    93.376678467    20.438528061   -31.875480652
    93.375953674    20.438339233   -31.941576004
    93.375228882    20.438150406   -32.007671356
    93.374496460    20.437961578   -32.073764801
    93.373771667    20.437772751   -32.139858246
    93.373046875    20.437583923   -32.205951691
    93.372329712    20.437397003   -32.272045135
    93.371604919    20.437208176   -32.338142395
    93.370872498    20.437019348   -32.404235840
    93.370147705    20.436830521   -32.470329285
    93.369422913    20.436641693   -32.536422729
    93.368698120    20.436452866   -32.602519989
    93.367973328    20.436264038   -32.668613434
    93.367256165    20.436079025   -32.734706879
    93.366523743    20.435890198   -32.800800323
    93.387977600    20.442504883   -30.817970276
    93.387252808    20.442316055   -30.884063721
    93.386520386    20.442127228   -30.950160980
    93.385795593    20.441938400   -31.016254425
    93.385070801    20.441749573   -31.082347870
    93.384346008    20.441560745   -31.148443222
    93.383628845    20.441373825   -31.214536667
    93.382904053    20.441184998   -31.280630112
    93.382171631    20.440996170   -31.346727371
    93.381446838    20.440807343   -31.412820816
    93.380722046    20.440618515   -31.478914261
    93.379997253    20.440429688   -31.545009613
    93.379272461    20.440240860   -31.611103058
    93.378547668    20.440052032   -31.677196503
    93.377822876    20.439865112   -31.743293762
    93.377098083    20.439676285   -31.809387207
    93.376373291    20.439489365   -31.875480652
    93.375648499    20.439300537   -31.941576004
    93.374923706    20.439111710   -32.007671356
    93.374198914    20.438922882   -32.073764801
    93.373466492    20.438734055   -32.139858246
    93.372741699    20.438545227   -32.205951691
    93.372024536    20.438358307   -32.272045135
    93.371299744    20.438169479   -32.338142395
    93.370574951    20.437980652   -32.404235840
    93.369842529    20.437791824   -32.470329285
    93.369117737    20.437602997   -32.536422729
    93.368392944    20.437414169   -32.602519989
    93.367668152    20.437225342   -32.668613434
    93.366950989    20.437038422   -32.734706879
    93.366226196    20.436849594   -32.800800323
    93.387672424    20.443464279   -30.817970276
    93.386947632    20.443275452   -30.884063721
    93.386222839    20.443086624   -30.950160980
    93.385490417    20.442899704   -31.016254425
    93.384765625    20.442710876   -31.082347870
    93.384040833    20.442522049   -31.148443222
    93.383323669    20.442335129   -31.214536667
    93.382598877    20.442146301   -31.280630112
    93.381874084    20.441957474   -31.346727371
    93.381141663    20.441768646   -31.412820816
    93.380416870    20.441579819   -31.478914261
    93.379692078    20.441390991   -31.545009613
    93.378967285    20.441202164   -31.611103058
    93.378242493    20.441013336   -31.677196503
    93.377525330    20.440826416   -31.743293762
    93.376792908    20.440637589   -31.809387207
    93.376068115    20.440448761   -31.875480652
    93.375343323    20.440259933   -31.941576004
    93.374618530    20.440071106   -32.007671356
    93.373893738    20.439882278   -32.073764801
    93.373168945    20.439693451   -32.139858246
    93.372436523    20.439506531   -32.205951691
    93.371719360    20.439319611   -32.272045135
    93.370994568    20.439130783   -32.338142395
    93.370269775    20.438941956   -32.404235840
    93.369544983    20.438753128   -32.470329285
    93.368812561    20.438564301   -32.536422729
    93.368087769    20.438375473   -32.602519989
    93.367362976    20.438186646   -32.668613434
    93.366645813    20.437999725   -32.734706879
    93.365921021    20.437810898   -32.800800323
    93.387367249    20.444425583   -30.817970276
    93.386642456    20.444236755   -30.884063721
    93.385917664    20.444047928   -30.950160980
    93.385192871    20.443859100   -31.016254425
    93.384460449    20.443670273   -31.082347870
    93.383735657    20.443481445   -31.148443222
    93.383018494    20.443294525   -31.214536667
    93.382293701    20.443105698   -31.280630112
    93.381568909    20.442916870   -31.346727371
    93.380844116    20.442729950   -31.412820816
    93.380111694    20.442541122   -31.478914261
    93.379386902    20.442352295   -31.545009613
    93.378662109    20.442163467   -31.611103058
    93.377937317    20.441974640   -31.677196503
    93.377220154    20.441787720   -31.743293762
    93.376495361    20.441598892   -31.809387207
    93.375762939    20.441410065   -31.875480652
    93.375038147    20.441221237   -31.941576004
    93.374313354    20.441032410   -32.007671356
    93.373588562    20.440843582   -32.073764801
    93.372863770    20.440654755   -32.139858246
    93.372138977    20.440465927   -32.205951691
    93.371414185    20.440279007   -32.272045135
    93.370689392    20.440090179   -32.338142395
    93.369964600    20.439901352   -32.404235840
    93.369239807    20.439712524   -32.470329285
    93.368515015    20.439523697   -32.536422729
    93.367790222    20.439336777   -32.602519989
    93.367057800    20.439147949   -32.668613434
    93.366340637    20.438961029   -32.734706879
    93.365615845    20.438772202   -32.800800323
    93.387062073    20.445386887   -30.817970276
    93.386337280    20.445198059   -30.884063721
    93.385612488    20.445009232   -30.950160980
    93.384887695    20.444820404   -31.016254425
    93.384162903    20.444631577   -31.082347870
    93.383430481    20.444442749   -31.148443222
    93.382713318    20.444255829   -31.214536667
    93.381988525    20.444067001   -31.280630112
    93.381263733    20.443878174   -31.346727371
    93.380538940    20.443689346   -31.412820816
    93.379814148    20.443500519   -31.478914261
    93.379081726    20.443311691   -31.545009613
    93.378356934    20.443122864   -31.611103058
    93.377632141    20.442934036   -31.677196503
    93.376914978    20.442749023   -31.743293762
    93.376190186    20.442560196   -31.809387207
    93.375465393    20.442371368   -31.875480652
    93.374732971    20.442182541   -31.941576004
    93.374008179    20.441993713   -32.007671356
    93.373283386    20.441804886   -32.073764801
    93.372558594    20.441616058   -32.139858246
    93.371833801    20.441427231   -32.205951691
    93.371109009    20.441240311   -32.272045135
    93.370384216    20.441051483   -32.338142395
    93.369659424    20.440862656   -32.404235840
    93.368934631    20.440673828   -32.470329285
    93.368209839    20.440485001   -32.536422729
    93.367485046    20.440296173   -32.602519989
    93.366760254    20.440107346   -32.668613434
    93.366035461    20.439920425   -32.734706879
    93.365310669    20.439731598   -32.800800323
    93.386756897    20.446346283   -30.817970276
    93.386032104    20.446157455   -30.884063721
    93.385307312    20.445970535   -30.950160980
    93.384582520    20.445781708   -31.016254425
    93.383857727    20.445592880   -31.082347870
    93.383132935    20.445404053   -31.148443222
    93.382408142    20.445217133   -31.214536667
    93.381683350    20.445028305   -31.280630112
    93.380958557    20.444839478   -31.346727371
    93.380233765    20.444650650   -31.412820816
    93.379508972    20.444461823   -31.478914261
    93.378784180    20.444272995   -31.545009613
    93.378051758    20.444084167   -31.611103058
    93.377326965    20.443895340   -31.677196503
    93.376609802    20.443708420   -31.743293762
    93.375885010    20.443519592   -31.809387207
    93.375160217    20.443330765   -31.875480652
    93.374435425    20.443141937   -31.941576004
    93.373703003    20.442953110   -32.007671356
    93.372978210    20.442764282   -32.073764801
    93.372253418    20.442577362   -32.139858246
    93.371528625    20.442388535   -32.205951691
    93.370811462    20.442201614   -32.272045135
    93.370079041    20.442012787   -32.338142395
    93.369354248    20.441823959   -32.404235840
    93.368629456    20.441635132   -32.470329285
    93.367904663    20.441446304   -32.536422729
    93.367179871    20.441257477   -32.602519989
    93.366455078    20.441068649   -32.668613434
    93.365730286    20.440881729   -32.734706879
    93.365005493    20.440692902   -32.800800323
    93.386459351    20.447307587   -30.817970276
    93.385726929    20.447118759   -30.884063721
    93.385002136    20.446929932   -30.950160980
    93.384277344    20.446741104   -31.016254425
    93.383552551    20.446552277   -31.082347870
    93.382827759    20.446363449   -31.148443222
    93.382110596    20.446176529   -31.214536667
    93.381378174    20.445989609   -31.280630112
    93.380653381    20.445800781   -31.346727371
    93.379928589    20.445611954   -31.412820816
    93.379203796    20.445423126   -31.478914261
    93.378479004    20.445234299   -31.545009613
    93.377754211    20.445045471   -31.611103058
    93.377021790    20.444856644   -31.677196503
    93.376304626    20.444669724   -31.743293762
    93.375579834    20.444480896   -31.809387207
    93.374855042    20.444292068   -31.875480652
    93.374130249    20.444103241   -31.941576004
    93.373405457    20.443914413   -32.007671356
    93.372673035    20.443725586   -32.073764801
    93.371948242    20.443536758   -32.139858246
    93.371223450    20.443347931   -32.205951691
    93.370506287    20.443161011   -32.272045135
    93.369781494    20.442972183   -32.338142395
    93.369049072    20.442783356   -32.404235840
    93.368324280    20.442596436   -32.470329285
    93.367599487    20.442407608   -32.536422729
    93.366874695    20.442218781   -32.602519989
    93.366149902    20.442029953   -32.668613434
    93.365432739    20.441843033   -32.734706879
    93.364700317    20.441654205   -32.800800323
    93.386154175    20.448268890   -30.817970276
    93.385429382    20.448080063   -30.884063721
    93.384696960    20.447891235   -30.950160980
    93.383972168    20.447702408   -31.016254425
    93.383247375    20.447513580   -31.082347870
    93.382522583    20.447324753   -31.148443222
    93.381805420    20.447137833   -31.214536667
    93.381080627    20.446949005   -31.280630112
    93.380348206    20.446760178   -31.346727371
    93.379623413    20.446571350   -31.412820816
    93.378898621    20.446382523   -31.478914261
    93.378173828    20.446193695   -31.545009613
    93.377449036    20.446006775   -31.611103058
    93.376724243    20.445817947   -31.677196503
    93.375999451    20.445631027   -31.743293762
    93.375274658    20.445442200   -31.809387207
    93.374549866    20.445253372   -31.875480652
    93.373825073    20.445064545   -31.941576004
    93.373100281    20.444875717   -32.007671356
    93.372375488    20.444686890   -32.073764801
    93.371643066    20.444498062   -32.139858246
    93.370918274    20.444309235   -32.205951691
    93.370201111    20.444122314   -32.272045135
    93.369476318    20.443933487   -32.338142395
    93.368751526    20.443744659   -32.404235840
    93.368019104    20.443555832   -32.470329285
    93.367294312    20.443367004   -32.536422729
    93.366569519    20.443178177   -32.602519989
    93.365844727    20.442989349   -32.668613434
    93.365127563    20.442802429   -32.734706879
    93.364402771    20.442615509   -32.800800323
    93.385848999    20.449230194   -30.817970276
    93.385124207    20.449041367   -30.884063721
    93.384399414    20.448852539   -30.950160980
    93.383666992    20.448663712   -31.016254425
    93.382942200    20.448474884   -31.082347870
    93.382217407    20.448286057   -31.148443222
    93.381500244    20.448099136   -31.214536667
    93.380775452    20.447910309   -31.280630112
    93.380050659    20.447721481   -31.346727371
    93.379318237    20.447532654   -31.412820816
    93.378593445    20.447343826   -31.478914261
    93.377868652    20.447154999   -31.545009613
    93.377143860    20.446966171   -31.611103058
    93.376419067    20.446777344   -31.677196503
    93.375701904    20.446590424   -31.743293762
    93.374969482    20.446401596   -31.809387207
    93.374244690    20.446212769   -31.875480652
    93.373519897    20.446023941   -31.941576004
    93.372795105    20.445837021   -32.007671356
    93.372070312    20.445648193   -32.073764801
    93.371345520    20.445459366   -32.139858246
    93.370613098    20.445270538   -32.205951691
    93.369895935    20.445083618   -32.272045135
    93.369171143    20.444894791   -32.338142395
    93.368446350    20.444705963   -32.404235840
    93.367721558    20.444517136   -32.470329285
    93.366989136    20.444328308   -32.536422729
    93.366264343    20.444139481   -32.602519989
    93.365539551    20.443950653   -32.668613434
    93.364822388    20.443763733   -32.734706879
    93.364097595    20.443574905   -32.800800323
    93.385543823    20.450189590   -30.817970276
    93.384819031    20.450000763   -30.884063721
    93.384094238    20.449811935   -30.950160980
    93.383369446    20.449623108   -31.016254425
    93.382637024    20.449434280   -31.082347870
    93.381912231    20.449247360   -31.148443222
    93.381195068    20.449060440   -31.214536667
    93.380470276    20.448871613   -31.280630112
    93.379745483    20.448682785   -31.346727371
    93.379020691    20.448493958   -31.412820816
    93.378288269    20.448305130   -31.478914261
    93.377563477    20.448116302   -31.545009613
    93.376838684    20.447927475   -31.611103058
    93.376113892    20.447738647   -31.677196503
    93.375396729    20.447551727   -31.743293762
    93.374671936    20.447362900   -31.809387207
    93.373939514    20.447174072   -31.875480652
    93.373214722    20.446985245   -31.941576004
    93.372489929    20.446796417   -32.007671356
    93.371765137    20.446607590   -32.073764801
    93.371040344    20.446418762   -32.139858246
    93.370315552    20.446229935   -32.205951691
    93.369590759    20.446043015   -32.272045135
    93.368865967    20.445856094   -32.338142395
    93.368141174    20.445667267   -32.404235840
    93.367416382    20.445478439   -32.470329285
    93.366691589    20.445289612   -32.536422729
    93.365959167    20.445100784   -32.602519989
    93.365234375    20.444911957   -32.668613434
    93.364517212    20.444725037   -32.734706879
    93.363792419    20.444536209   -32.800800323
    93.385238647    20.451150894   -30.817970276
    93.384513855    20.450962067   -30.884063721
    93.383789062    20.450773239   -30.950160980
    93.383064270    20.450584412   -31.016254425
    93.382339478    20.450395584   -31.082347870
    93.381607056    20.450206757   -31.148443222
    93.380889893    20.450019836   -31.214536667
    93.380165100    20.449831009   -31.280630112
    93.379440308    20.449642181   -31.346727371
    93.378715515    20.449453354   -31.412820816
    93.377990723    20.449266434   -31.478914261
    93.377258301    20.449077606   -31.545009613
    93.376533508    20.448888779   -31.611103058
    93.375808716    20.448699951   -31.677196503
    93.375091553    20.448513031   -31.743293762
    93.374366760    20.448324203   -31.809387207
    93.373641968    20.448135376   -31.875480652
    93.372909546    20.447946548   -31.941576004
    93.372184753    20.447757721   -32.007671356
    93.371459961    20.447568893   -32.073764801
    93.370735168    20.447380066   -32.139858246
    93.370010376    20.447191238   -32.205951691
    93.369285583    20.447004318   -32.272045135
    93.368560791    20.446815491   -32.338142395
    93.367835999    20.446626663   -32.404235840
    93.367111206    20.446437836   -32.470329285
    93.366386414    20.446249008   -32.536422729
    93.365661621    20.446060181   -32.602519989
    93.364929199    20.445871353   -32.668613434
    93.364212036    20.445686340   -32.734706879
    93.363487244    20.445497513   -32.800800323
    93.384933472    20.452112198   -30.817970276
    93.384208679    20.451923370   -30.884063721
    93.383483887    20.451734543   -30.950160980
    93.382759094    20.451545715   -31.016254425
    93.382034302    20.451356888   -31.082347870
    93.381309509    20.451168060   -31.148443222
    93.380584717    20.450981140   -31.214536667
    93.379859924    20.450792313   -31.280630112
    93.379135132    20.450603485   -31.346727371
    93.378410339    20.450414658   -31.412820816
    93.377685547    20.450225830   -31.478914261
    93.376960754    20.450037003   -31.545009613
    93.376228333    20.449848175   -31.611103058
    93.375503540    20.449659348   -31.677196503
    93.374786377    20.449472427   -31.743293762
    93.374061584    20.449283600   -31.809387207
    93.373336792    20.449096680   -31.875480652
    93.372612000    20.448907852   -31.941576004
    93.371879578    20.448719025   -32.007671356
    93.371154785    20.448530197   -32.073764801
    93.370429993    20.448341370   -32.139858246
    93.369705200    20.448152542   -32.205951691
    93.368988037    20.447965622   -32.272045135
    93.368255615    20.447776794   -32.338142395
    93.367530823    20.447587967   -32.404235840
    93.366806030    20.447399139   -32.470329285
    93.366081238    20.447210312   -32.536422729
    93.365356445    20.447021484   -32.602519989
    93.364631653    20.446832657   -32.668613434
    93.363906860    20.446645737   -32.734706879
    93.363182068    20.446456909   -32.800800323
    93.384635925    20.453071594   -30.817970276
    93.383903503    20.452882767   -30.884063721
    93.383178711    20.452693939   -30.950160980
    93.382453918    20.452507019   -31.016254425
    93.381729126    20.452318192   -31.082347870
    93.381004333    20.452129364   -31.148443222
    93.380287170    20.451942444   -31.214536667
    93.379554749    20.451753616   -31.280630112
    93.378829956    20.451564789   -31.346727371
    93.378105164    20.451375961   -31.412820816
    93.377380371    20.451187134   -31.478914261
    93.376655579    20.450998306   -31.545009613
    93.375930786    20.450809479   -31.611103058
    93.375198364    20.450620651   -31.677196503
    93.374481201    20.450433731   -31.743293762
    93.373756409    20.450244904   -31.809387207
    93.373031616    20.450056076   -31.875480652
    93.372306824    20.449867249   -31.941576004
    93.371582031    20.449678421   -32.007671356
    93.370849609    20.449489594   -32.073764801
    93.370124817    20.449300766   -32.139858246
    93.369400024    20.449113846   -32.205951691
    93.368682861    20.448926926   -32.272045135
    93.367958069    20.448738098   -32.338142395
    93.367225647    20.448549271   -32.404235840
    93.366500854    20.448360443   -32.470329285
    93.365776062    20.448171616   -32.536422729
    93.365051270    20.447982788   -32.602519989
    93.364326477    20.447793961   -32.668613434
    93.363609314    20.447607040   -32.734706879
    93.362876892    20.447418213   -32.800800323
