   93.3629990       20.4507999      -31810.0000    
   93.3639984       20.4507999      -31810.0000    
   93.3649979       20.4507999      -31810.0000    
   93.3659973       20.4507999      -31810.0000    
   93.3669968       20.4507999      -31810.0000    
   93.3679962       20.4507999      -31810.0000    
   93.3689957       20.4507999      -31810.0000    
   93.3699951       20.4507999      -31810.0000    
   93.3709946       20.4507999      -31810.0000    
   93.3719940       20.4507999      -31810.0000    
   93.3729935       20.4507999      -31810.0000    
   93.3739929       20.4507999      -31810.0000    
   93.3749924       20.4507999      -31810.0000    
   93.3759918       20.4507999      -31810.0000    
   93.3769913       20.4507999      -31810.0000    
   93.3779907       20.4507999      -31810.0000    
   93.3789902       20.4507999      -31810.0000    
   93.3799896       20.4507999      -31810.0000    
   93.3809891       20.4507999      -31810.0000    
   93.3819885       20.4507999      -31810.0000    
   93.3829880       20.4507999      -31810.0000    
   93.3839874       20.4507999      -31810.0000    
   93.3849869       20.4507999      -31810.0000    
   93.3859863       20.4507999      -31810.0000    
   93.3869858       20.4507999      -31810.0000    
   93.3879852       20.4507999      -31810.0000    
   93.3889847       20.4507999      -31810.0000    
   93.3899841       20.4507999      -31810.0000    
   93.3909836       20.4507999      -31810.0000    
   93.3919830       20.4507999      -31810.0000    
   93.3929825       20.4507999      -31810.0000    
   93.3629990       20.4498005      -31810.0000    
   93.3639984       20.4498005      -31810.0000    
   93.3649979       20.4498005      -31810.0000    
   93.3659973       20.4498005      -31810.0000    
   93.3669968       20.4498005      -31810.0000    
   93.3679962       20.4498005      -31810.0000    
   93.3689957       20.4498005      -31810.0000    
   93.3699951       20.4498005      -31810.0000    
   93.3709946       20.4498005      -31810.0000    
   93.3719940       20.4498005      -31810.0000    
   93.3729935       20.4498005      -31810.0000    
   93.3739929       20.4498005      -31810.0000    
   93.3749924       20.4498005      -31810.0000    
   93.3759918       20.4498005      -31810.0000    
   93.3769913       20.4498005      -31810.0000    
   93.3779907       20.4498005      -31810.0000    
   93.3789902       20.4498005      -31810.0000    
   93.3799896       20.4498005      -31810.0000    
   93.3809891       20.4498005      -31810.0000    
   93.3819885       20.4498005      -31810.0000    
   93.3829880       20.4498005      -31810.0000    
   93.3839874       20.4498005      -31810.0000    
   93.3849869       20.4498005      -31810.0000    
   93.3859863       20.4498005      -31810.0000    
   93.3869858       20.4498005      -31810.0000    
   93.3879852       20.4498005      -31810.0000    
   93.3889847       20.4498005      -31810.0000    
   93.3899841       20.4498005      -31810.0000    
   93.3909836       20.4498005      -31810.0000    
   93.3919830       20.4498005      -31810.0000    
   93.3929825       20.4498005      -31810.0000    
   93.3629990       20.4488010      -31810.0000    
   93.3639984       20.4488010      -31810.0000    
   93.3649979       20.4488010      -31810.0000    
   93.3659973       20.4488010      -31810.0000    
   93.3669968       20.4488010      -31810.0000    
   93.3679962       20.4488010      -31810.0000    
   93.3689957       20.4488010      -31810.0000    
   93.3699951       20.4488010      -31810.0000    
   93.3709946       20.4488010      -31810.0000    
   93.3719940       20.4488010      -31810.0000    
   93.3729935       20.4488010      -31810.0000    
   93.3739929       20.4488010      -31810.0000    
   93.3749924       20.4488010      -31810.0000    
   93.3759918       20.4488010      -31810.0000    
   93.3769913       20.4488010      -31810.0000    
   93.3779907       20.4488010      -31810.0000    
   93.3789902       20.4488010      -31810.0000    
   93.3799896       20.4488010      -31810.0000    
   93.3809891       20.4488010      -31810.0000    
   93.3819885       20.4488010      -31810.0000    
   93.3829880       20.4488010      -31810.0000    
   93.3839874       20.4488010      -31810.0000    
   93.3849869       20.4488010      -31810.0000    
   93.3859863       20.4488010      -31810.0000    
   93.3869858       20.4488010      -31810.0000    
   93.3879852       20.4488010      -31810.0000    
   93.3889847       20.4488010      -31810.0000    
   93.3899841       20.4488010      -31810.0000    
   93.3909836       20.4488010      -31810.0000    
   93.3919830       20.4488010      -31810.0000    
   93.3929825       20.4488010      -31810.0000    
   93.3629990       20.4478016      -31810.0000    
   93.3639984       20.4478016      -31810.0000    
   93.3649979       20.4478016      -31810.0000    
   93.3659973       20.4478016      -31810.0000    
   93.3669968       20.4478016      -31810.0000    
   93.3679962       20.4478016      -31810.0000    
   93.3689957       20.4478016      -31810.0000    
   93.3699951       20.4478016      -31810.0000    
   93.3709946       20.4478016      -31810.0000    
   93.3719940       20.4478016      -31810.0000    
   93.3729935       20.4478016      -31810.0000    
   93.3739929       20.4478016      -31810.0000    
   93.3749924       20.4478016      -31810.0000    
   93.3759918       20.4478016      -31810.0000    
   93.3769913       20.4478016      -31810.0000    
   93.3779907       20.4478016      -31810.0000    
   93.3789902       20.4478016      -31810.0000    
   93.3799896       20.4478016      -31810.0000    
   93.3809891       20.4478016      -31810.0000    
   93.3819885       20.4478016      -31810.0000    
   93.3829880       20.4478016      -31810.0000    
   93.3839874       20.4478016      -31810.0000    
   93.3849869       20.4478016      -31810.0000    
   93.3859863       20.4478016      -31810.0000    
   93.3869858       20.4478016      -31810.0000    
   93.3879852       20.4478016      -31810.0000    
   93.3889847       20.4478016      -31810.0000    
   93.3899841       20.4478016      -31810.0000    
   93.3909836       20.4478016      -31810.0000    
   93.3919830       20.4478016      -31810.0000    
   93.3929825       20.4478016      -31810.0000    
   93.3629990       20.4468021      -31810.0000    
   93.3639984       20.4468021      -31810.0000    
   93.3649979       20.4468021      -31810.0000    
   93.3659973       20.4468021      -31810.0000    
   93.3669968       20.4468021      -31810.0000    
   93.3679962       20.4468021      -31810.0000    
   93.3689957       20.4468021      -31810.0000    
   93.3699951       20.4468021      -31810.0000    
   93.3709946       20.4468021      -31810.0000    
   93.3719940       20.4468021      -31810.0000    
   93.3729935       20.4468021      -31810.0000    
   93.3739929       20.4468021      -31810.0000    
   93.3749924       20.4468021      -31810.0000    
   93.3759918       20.4468021      -31810.0000    
   93.3769913       20.4468021      -31810.0000    
   93.3779907       20.4468021      -31810.0000    
   93.3789902       20.4468021      -31810.0000    
   93.3799896       20.4468021      -31810.0000    
   93.3809891       20.4468021      -31810.0000    
   93.3819885       20.4468021      -31810.0000    
   93.3829880       20.4468021      -31810.0000    
   93.3839874       20.4468021      -31810.0000    
   93.3849869       20.4468021      -31810.0000    
   93.3859863       20.4468021      -31810.0000    
   93.3869858       20.4468021      -31810.0000    
   93.3879852       20.4468021      -31810.0000    
   93.3889847       20.4468021      -31810.0000    
   93.3899841       20.4468021      -31810.0000    
   93.3909836       20.4468021      -31810.0000    
   93.3919830       20.4468021      -31810.0000    
   93.3929825       20.4468021      -31810.0000    
   93.3629990       20.4458027      -31810.0000    
   93.3639984       20.4458027      -31810.0000    
   93.3649979       20.4458027      -31810.0000    
   93.3659973       20.4458027      -31810.0000    
   93.3669968       20.4458027      -31810.0000    
   93.3679962       20.4458027      -31810.0000    
   93.3689957       20.4458027      -31810.0000    
   93.3699951       20.4458027      -31810.0000    
   93.3709946       20.4458027      -31810.0000    
   93.3719940       20.4458027      -31810.0000    
   93.3729935       20.4458027      -31810.0000    
   93.3739929       20.4458027      -31810.0000    
   93.3749924       20.4458027      -31810.0000    
   93.3759918       20.4458027      -31810.0000    
   93.3769913       20.4458027      -31810.0000    
   93.3779907       20.4458027      -31810.0000    
   93.3789902       20.4458027      -31810.0000    
   93.3799896       20.4458027      -31810.0000    
   93.3809891       20.4458027      -31810.0000    
   93.3819885       20.4458027      -31810.0000    
   93.3829880       20.4458027      -31810.0000    
   93.3839874       20.4458027      -31810.0000    
   93.3849869       20.4458027      -31810.0000    
   93.3859863       20.4458027      -31810.0000    
   93.3869858       20.4458027      -31810.0000    
   93.3879852       20.4458027      -31810.0000    
   93.3889847       20.4458027      -31810.0000    
   93.3899841       20.4458027      -31810.0000    
   93.3909836       20.4458027      -31810.0000    
   93.3919830       20.4458027      -31810.0000    
   93.3929825       20.4458027      -31810.0000    
   93.3629990       20.4448032      -31810.0000    
   93.3639984       20.4448032      -31810.0000    
   93.3649979       20.4448032      -31810.0000    
   93.3659973       20.4448032      -31810.0000    
   93.3669968       20.4448032      -31810.0000    
   93.3679962       20.4448032      -31810.0000    
   93.3689957       20.4448032      -31810.0000    
   93.3699951       20.4448032      -31810.0000    
   93.3709946       20.4448032      -31810.0000    
   93.3719940       20.4448032      -31810.0000    
   93.3729935       20.4448032      -31810.0000    
   93.3739929       20.4448032      -31810.0000    
   93.3749924       20.4448032      -31810.0000    
   93.3759918       20.4448032      -31810.0000    
   93.3769913       20.4448032      -31810.0000    
   93.3779907       20.4448032      -31810.0000    
   93.3789902       20.4448032      -31810.0000    
   93.3799896       20.4448032      -31810.0000    
   93.3809891       20.4448032      -31810.0000    
   93.3819885       20.4448032      -31810.0000    
   93.3829880       20.4448032      -31810.0000    
   93.3839874       20.4448032      -31810.0000    
   93.3849869       20.4448032      -31810.0000    
   93.3859863       20.4448032      -31810.0000    
   93.3869858       20.4448032      -31810.0000    
   93.3879852       20.4448032      -31810.0000    
   93.3889847       20.4448032      -31810.0000    
   93.3899841       20.4448032      -31810.0000    
   93.3909836       20.4448032      -31810.0000    
   93.3919830       20.4448032      -31810.0000    
   93.3929825       20.4448032      -31810.0000    
   93.3629990       20.4438038      -31810.0000    
   93.3639984       20.4438038      -31810.0000    
   93.3649979       20.4438038      -31810.0000    
   93.3659973       20.4438038      -31810.0000    
   93.3669968       20.4438038      -31810.0000    
   93.3679962       20.4438038      -31810.0000    
   93.3689957       20.4438038      -31810.0000    
   93.3699951       20.4438038      -31810.0000    
   93.3709946       20.4438038      -31810.0000    
   93.3719940       20.4438038      -31810.0000    
   93.3729935       20.4438038      -31810.0000    
   93.3739929       20.4438038      -31810.0000    
   93.3749924       20.4438038      -31810.0000    
   93.3759918       20.4438038      -31810.0000    
   93.3769913       20.4438038      -31810.0000    
   93.3779907       20.4438038      -31810.0000    
   93.3789902       20.4438038      -31810.0000    
   93.3799896       20.4438038      -31810.0000    
   93.3809891       20.4438038      -31810.0000    
   93.3819885       20.4438038      -31810.0000    
   93.3829880       20.4438038      -31810.0000    
   93.3839874       20.4438038      -31810.0000    
   93.3849869       20.4438038      -31810.0000    
   93.3859863       20.4438038      -31810.0000    
   93.3869858       20.4438038      -31810.0000    
   93.3879852       20.4438038      -31810.0000    
   93.3889847       20.4438038      -31810.0000    
   93.3899841       20.4438038      -31810.0000    
   93.3909836       20.4438038      -31810.0000    
   93.3919830       20.4438038      -31810.0000    
   93.3929825       20.4438038      -31810.0000    
   93.3629990       20.4428043      -31810.0000    
   93.3639984       20.4428043      -31810.0000    
   93.3649979       20.4428043      -31810.0000    
   93.3659973       20.4428043      -31810.0000    
   93.3669968       20.4428043      -31810.0000    
   93.3679962       20.4428043      -31810.0000    
   93.3689957       20.4428043      -31810.0000    
   93.3699951       20.4428043      -31810.0000    
   93.3709946       20.4428043      -31810.0000    
   93.3719940       20.4428043      -31810.0000    
   93.3729935       20.4428043      -31810.0000    
   93.3739929       20.4428043      -31810.0000    
   93.3749924       20.4428043      -31810.0000    
   93.3759918       20.4428043      -31810.0000    
   93.3769913       20.4428043      -31810.0000    
   93.3779907       20.4428043      -31810.0000    
   93.3789902       20.4428043      -31810.0000    
   93.3799896       20.4428043      -31810.0000    
   93.3809891       20.4428043      -31810.0000    
   93.3819885       20.4428043      -31810.0000    
   93.3829880       20.4428043      -31810.0000    
   93.3839874       20.4428043      -31810.0000    
   93.3849869       20.4428043      -31810.0000    
   93.3859863       20.4428043      -31810.0000    
   93.3869858       20.4428043      -31810.0000    
   93.3879852       20.4428043      -31810.0000    
   93.3889847       20.4428043      -31810.0000    
   93.3899841       20.4428043      -31810.0000    
   93.3909836       20.4428043      -31810.0000    
   93.3919830       20.4428043      -31810.0000    
   93.3929825       20.4428043      -31810.0000    
   93.3629990       20.4418049      -31810.0000    
   93.3639984       20.4418049      -31810.0000    
   93.3649979       20.4418049      -31810.0000    
   93.3659973       20.4418049      -31810.0000    
   93.3669968       20.4418049      -31810.0000    
   93.3679962       20.4418049      -31810.0000    
   93.3689957       20.4418049      -31810.0000    
   93.3699951       20.4418049      -31810.0000    
   93.3709946       20.4418049      -31810.0000    
   93.3719940       20.4418049      -31810.0000    
   93.3729935       20.4418049      -31810.0000    
   93.3739929       20.4418049      -31810.0000    
   93.3749924       20.4418049      -31810.0000    
   93.3759918       20.4418049      -31810.0000    
   93.3769913       20.4418049      -31810.0000    
   93.3779907       20.4418049      -31810.0000    
   93.3789902       20.4418049      -31810.0000    
   93.3799896       20.4418049      -31810.0000    
   93.3809891       20.4418049      -31810.0000    
   93.3819885       20.4418049      -31810.0000    
   93.3829880       20.4418049      -31810.0000    
   93.3839874       20.4418049      -31810.0000    
   93.3849869       20.4418049      -31810.0000    
   93.3859863       20.4418049      -31810.0000    
   93.3869858       20.4418049      -31810.0000    
   93.3879852       20.4418049      -31810.0000    
   93.3889847       20.4418049      -31810.0000    
   93.3899841       20.4418049      -31810.0000    
   93.3909836       20.4418049      -31810.0000    
   93.3919830       20.4418049      -31810.0000    
   93.3929825       20.4418049      -31810.0000    
   93.3629990       20.4408054      -31810.0000    
   93.3639984       20.4408054      -31810.0000    
   93.3649979       20.4408054      -31810.0000    
   93.3659973       20.4408054      -31810.0000    
   93.3669968       20.4408054      -31810.0000    
   93.3679962       20.4408054      -31810.0000    
   93.3689957       20.4408054      -31810.0000    
   93.3699951       20.4408054      -31810.0000    
   93.3709946       20.4408054      -31810.0000    
   93.3719940       20.4408054      -31810.0000    
   93.3729935       20.4408054      -31810.0000    
   93.3739929       20.4408054      -31810.0000    
   93.3749924       20.4408054      -31810.0000    
   93.3759918       20.4408054      -31810.0000    
   93.3769913       20.4408054      -31810.0000    
   93.3779907       20.4408054      -31810.0000    
   93.3789902       20.4408054      -31810.0000    
   93.3799896       20.4408054      -31810.0000    
   93.3809891       20.4408054      -31810.0000    
   93.3819885       20.4408054      -31810.0000    
   93.3829880       20.4408054      -31810.0000    
   93.3839874       20.4408054      -31810.0000    
   93.3849869       20.4408054      -31810.0000    
   93.3859863       20.4408054      -31810.0000    
   93.3869858       20.4408054      -31810.0000    
   93.3879852       20.4408054      -31810.0000    
   93.3889847       20.4408054      -31810.0000    
   93.3899841       20.4408054      -31810.0000    
   93.3909836       20.4408054      -31810.0000    
   93.3919830       20.4408054      -31810.0000    
   93.3929825       20.4408054      -31810.0000    
   93.3629990       20.4398060      -31810.0000    
   93.3639984       20.4398060      -31810.0000    
   93.3649979       20.4398060      -31810.0000    
   93.3659973       20.4398060      -31810.0000    
   93.3669968       20.4398060      -31810.0000    
   93.3679962       20.4398060      -31810.0000    
   93.3689957       20.4398060      -31810.0000    
   93.3699951       20.4398060      -31810.0000    
   93.3709946       20.4398060      -31810.0000    
   93.3719940       20.4398060      -31810.0000    
   93.3729935       20.4398060      -31810.0000    
   93.3739929       20.4398060      -31810.0000    
   93.3749924       20.4398060      -31810.0000    
   93.3759918       20.4398060      -31810.0000    
   93.3769913       20.4398060      -31810.0000    
   93.3779907       20.4398060      -31810.0000    
   93.3789902       20.4398060      -31810.0000    
   93.3799896       20.4398060      -31810.0000    
   93.3809891       20.4398060      -31810.0000    
   93.3819885       20.4398060      -31810.0000    
   93.3829880       20.4398060      -31810.0000    
   93.3839874       20.4398060      -31810.0000    
   93.3849869       20.4398060      -31810.0000    
   93.3859863       20.4398060      -31810.0000    
   93.3869858       20.4398060      -31810.0000    
   93.3879852       20.4398060      -31810.0000    
   93.3889847       20.4398060      -31810.0000    
   93.3899841       20.4398060      -31810.0000    
   93.3909836       20.4398060      -31810.0000    
   93.3919830       20.4398060      -31810.0000    
   93.3929825       20.4398060      -31810.0000    
   93.3629990       20.4388065      -31810.0000    
   93.3639984       20.4388065      -31810.0000    
   93.3649979       20.4388065      -31810.0000    
   93.3659973       20.4388065      -31810.0000    
   93.3669968       20.4388065      -31810.0000    
   93.3679962       20.4388065      -31810.0000    
   93.3689957       20.4388065      -31810.0000    
   93.3699951       20.4388065      -31810.0000    
   93.3709946       20.4388065      -31810.0000    
   93.3719940       20.4388065      -31810.0000    
   93.3729935       20.4388065      -31810.0000    
   93.3739929       20.4388065      -31810.0000    
   93.3749924       20.4388065      -31810.0000    
   93.3759918       20.4388065      -31810.0000    
   93.3769913       20.4388065      -31810.0000    
   93.3779907       20.4388065      -31810.0000    
   93.3789902       20.4388065      -31810.0000    
   93.3799896       20.4388065      -31810.0000    
   93.3809891       20.4388065      -31810.0000    
   93.3819885       20.4388065      -31810.0000    
   93.3829880       20.4388065      -31810.0000    
   93.3839874       20.4388065      -31810.0000    
   93.3849869       20.4388065      -31810.0000    
   93.3859863       20.4388065      -31810.0000    
   93.3869858       20.4388065      -31810.0000    
   93.3879852       20.4388065      -31810.0000    
   93.3889847       20.4388065      -31810.0000    
   93.3899841       20.4388065      -31810.0000    
   93.3909836       20.4388065      -31810.0000    
   93.3919830       20.4388065      -31810.0000    
   93.3929825       20.4388065      -31810.0000    
   93.3629990       20.4378071      -31810.0000    
   93.3639984       20.4378071      -31810.0000    
   93.3649979       20.4378071      -31810.0000    
   93.3659973       20.4378071      -31810.0000    
   93.3669968       20.4378071      -31810.0000    
   93.3679962       20.4378071      -31810.0000    
   93.3689957       20.4378071      -31810.0000    
   93.3699951       20.4378071      -31810.0000    
   93.3709946       20.4378071      -31810.0000    
   93.3719940       20.4378071      -31810.0000    
   93.3729935       20.4378071      -31810.0000    
   93.3739929       20.4378071      -31810.0000    
   93.3749924       20.4378071      -31810.0000    
   93.3759918       20.4378071      -31810.0000    
   93.3769913       20.4378071      -31810.0000    
   93.3779907       20.4378071      -31810.0000    
   93.3789902       20.4378071      -31810.0000    
   93.3799896       20.4378071      -31810.0000    
   93.3809891       20.4378071      -31810.0000    
   93.3819885       20.4378071      -31810.0000    
   93.3829880       20.4378071      -31810.0000    
   93.3839874       20.4378071      -31810.0000    
   93.3849869       20.4378071      -31810.0000    
   93.3859863       20.4378071      -31810.0000    
   93.3869858       20.4378071      -31810.0000    
   93.3879852       20.4378071      -31810.0000    
   93.3889847       20.4378071      -31810.0000    
   93.3899841       20.4378071      -31810.0000    
   93.3909836       20.4378071      -31810.0000    
   93.3919830       20.4378071      -31810.0000    
   93.3929825       20.4378071      -31810.0000    
   93.3629990       20.4368076      -31810.0000    
   93.3639984       20.4368076      -31810.0000    
   93.3649979       20.4368076      -31810.0000    
   93.3659973       20.4368076      -31810.0000    
   93.3669968       20.4368076      -31810.0000    
   93.3679962       20.4368076      -31810.0000    
   93.3689957       20.4368076      -31810.0000    
   93.3699951       20.4368076      -31810.0000    
   93.3709946       20.4368076      -31810.0000    
   93.3719940       20.4368076      -31810.0000    
   93.3729935       20.4368076      -31810.0000    
   93.3739929       20.4368076      -31810.0000    
   93.3749924       20.4368076      -31810.0000    
   93.3759918       20.4368076      -31810.0000    
   93.3769913       20.4368076      -31810.0000    
   93.3779907       20.4368076      -31810.0000    
   93.3789902       20.4368076      -31810.0000    
   93.3799896       20.4368076      -31810.0000    
   93.3809891       20.4368076      -31810.0000    
   93.3819885       20.4368076      -31810.0000    
   93.3829880       20.4368076      -31810.0000    
   93.3839874       20.4368076      -31810.0000    
   93.3849869       20.4368076      -31810.0000    
   93.3859863       20.4368076      -31810.0000    
   93.3869858       20.4368076      -31810.0000    
   93.3879852       20.4368076      -31810.0000    
   93.3889847       20.4368076      -31810.0000    
   93.3899841       20.4368076      -31810.0000    
   93.3909836       20.4368076      -31810.0000    
   93.3919830       20.4368076      -31810.0000    
   93.3929825       20.4368076      -31810.0000    
   93.3629990       20.4358082      -31810.0000    
   93.3639984       20.4358082      -31810.0000    
   93.3649979       20.4358082      -31810.0000    
   93.3659973       20.4358082      -31810.0000    
   93.3669968       20.4358082      -31810.0000    
   93.3679962       20.4358082      -31810.0000    
   93.3689957       20.4358082      -31810.0000    
   93.3699951       20.4358082      -31810.0000    
   93.3709946       20.4358082      -31810.0000    
   93.3719940       20.4358082      -31810.0000    
   93.3729935       20.4358082      -31810.0000    
   93.3739929       20.4358082      -31810.0000    
   93.3749924       20.4358082      -31810.0000    
   93.3759918       20.4358082      -31810.0000    
   93.3769913       20.4358082      -31810.0000    
   93.3779907       20.4358082      -31810.0000    
   93.3789902       20.4358082      -31810.0000    
   93.3799896       20.4358082      -31810.0000    
   93.3809891       20.4358082      -31810.0000    
   93.3819885       20.4358082      -31810.0000    
   93.3829880       20.4358082      -31810.0000    
   93.3839874       20.4358082      -31810.0000    
   93.3849869       20.4358082      -31810.0000    
   93.3859863       20.4358082      -31810.0000    
   93.3869858       20.4358082      -31810.0000    
   93.3879852       20.4358082      -31810.0000    
   93.3889847       20.4358082      -31810.0000    
   93.3899841       20.4358082      -31810.0000    
   93.3909836       20.4358082      -31810.0000    
   93.3919830       20.4358082      -31810.0000    
   93.3929825       20.4358082      -31810.0000    
   93.3629990       20.4348087      -31810.0000    
   93.3639984       20.4348087      -31810.0000    
   93.3649979       20.4348087      -31810.0000    
   93.3659973       20.4348087      -31810.0000    
   93.3669968       20.4348087      -31810.0000    
   93.3679962       20.4348087      -31810.0000    
   93.3689957       20.4348087      -31810.0000    
   93.3699951       20.4348087      -31810.0000    
   93.3709946       20.4348087      -31810.0000    
   93.3719940       20.4348087      -31810.0000    
   93.3729935       20.4348087      -31810.0000    
   93.3739929       20.4348087      -31810.0000    
   93.3749924       20.4348087      -31810.0000    
   93.3759918       20.4348087      -31810.0000    
   93.3769913       20.4348087      -31810.0000    
   93.3779907       20.4348087      -31810.0000    
   93.3789902       20.4348087      -31810.0000    
   93.3799896       20.4348087      -31810.0000    
   93.3809891       20.4348087      -31810.0000    
   93.3819885       20.4348087      -31810.0000    
   93.3829880       20.4348087      -31810.0000    
   93.3839874       20.4348087      -31810.0000    
   93.3849869       20.4348087      -31810.0000    
   93.3859863       20.4348087      -31810.0000    
   93.3869858       20.4348087      -31810.0000    
   93.3879852       20.4348087      -31810.0000    
   93.3889847       20.4348087      -31810.0000    
   93.3899841       20.4348087      -31810.0000    
   93.3909836       20.4348087      -31810.0000    
   93.3919830       20.4348087      -31810.0000    
   93.3929825       20.4348087      -31810.0000    
   93.3629990       20.4338093      -31810.0000    
   93.3639984       20.4338093      -31810.0000    
   93.3649979       20.4338093      -31810.0000    
   93.3659973       20.4338093      -31810.0000    
   93.3669968       20.4338093      -31810.0000    
   93.3679962       20.4338093      -31810.0000    
   93.3689957       20.4338093      -31810.0000    
   93.3699951       20.4338093      -31810.0000    
   93.3709946       20.4338093      -31810.0000    
   93.3719940       20.4338093      -31810.0000    
   93.3729935       20.4338093      -31810.0000    
   93.3739929       20.4338093      -31810.0000    
   93.3749924       20.4338093      -31810.0000    
   93.3759918       20.4338093      -31810.0000    
   93.3769913       20.4338093      -31810.0000    
   93.3779907       20.4338093      -31810.0000    
   93.3789902       20.4338093      -31810.0000    
   93.3799896       20.4338093      -31810.0000    
   93.3809891       20.4338093      -31810.0000    
   93.3819885       20.4338093      -31810.0000    
   93.3829880       20.4338093      -31810.0000    
   93.3839874       20.4338093      -31810.0000    
   93.3849869       20.4338093      -31810.0000    
   93.3859863       20.4338093      -31810.0000    
   93.3869858       20.4338093      -31810.0000    
   93.3879852       20.4338093      -31810.0000    
   93.3889847       20.4338093      -31810.0000    
   93.3899841       20.4338093      -31810.0000    
   93.3909836       20.4338093      -31810.0000    
   93.3919830       20.4338093      -31810.0000    
   93.3929825       20.4338093      -31810.0000    
   93.3629990       20.4328098      -31810.0000    
   93.3639984       20.4328098      -31810.0000    
   93.3649979       20.4328098      -31810.0000    
   93.3659973       20.4328098      -31810.0000    
   93.3669968       20.4328098      -31810.0000    
   93.3679962       20.4328098      -31810.0000    
   93.3689957       20.4328098      -31810.0000    
   93.3699951       20.4328098      -31810.0000    
   93.3709946       20.4328098      -31810.0000    
   93.3719940       20.4328098      -31810.0000    
   93.3729935       20.4328098      -31810.0000    
   93.3739929       20.4328098      -31810.0000    
   93.3749924       20.4328098      -31810.0000    
   93.3759918       20.4328098      -31810.0000    
   93.3769913       20.4328098      -31810.0000    
   93.3779907       20.4328098      -31810.0000    
   93.3789902       20.4328098      -31810.0000    
   93.3799896       20.4328098      -31810.0000    
   93.3809891       20.4328098      -31810.0000    
   93.3819885       20.4328098      -31810.0000    
   93.3829880       20.4328098      -31810.0000    
   93.3839874       20.4328098      -31810.0000    
   93.3849869       20.4328098      -31810.0000    
   93.3859863       20.4328098      -31810.0000    
   93.3869858       20.4328098      -31810.0000    
   93.3879852       20.4328098      -31810.0000    
   93.3889847       20.4328098      -31810.0000    
   93.3899841       20.4328098      -31810.0000    
   93.3909836       20.4328098      -31810.0000    
   93.3919830       20.4328098      -31810.0000    
   93.3929825       20.4328098      -31810.0000    
   93.3629990       20.4318104      -31810.0000    
   93.3639984       20.4318104      -31810.0000    
   93.3649979       20.4318104      -31810.0000    
   93.3659973       20.4318104      -31810.0000    
   93.3669968       20.4318104      -31810.0000    
   93.3679962       20.4318104      -31810.0000    
   93.3689957       20.4318104      -31810.0000    
   93.3699951       20.4318104      -31810.0000    
   93.3709946       20.4318104      -31810.0000    
   93.3719940       20.4318104      -31810.0000    
   93.3729935       20.4318104      -31810.0000    
   93.3739929       20.4318104      -31810.0000    
   93.3749924       20.4318104      -31810.0000    
   93.3759918       20.4318104      -31810.0000    
   93.3769913       20.4318104      -31810.0000    
   93.3779907       20.4318104      -31810.0000    
   93.3789902       20.4318104      -31810.0000    
   93.3799896       20.4318104      -31810.0000    
   93.3809891       20.4318104      -31810.0000    
   93.3819885       20.4318104      -31810.0000    
   93.3829880       20.4318104      -31810.0000    
   93.3839874       20.4318104      -31810.0000    
   93.3849869       20.4318104      -31810.0000    
   93.3859863       20.4318104      -31810.0000    
   93.3869858       20.4318104      -31810.0000    
   93.3879852       20.4318104      -31810.0000    
   93.3889847       20.4318104      -31810.0000    
   93.3899841       20.4318104      -31810.0000    
   93.3909836       20.4318104      -31810.0000    
   93.3919830       20.4318104      -31810.0000    
   93.3929825       20.4318104      -31810.0000    
   93.3629990       20.4308109      -31810.0000    
   93.3639984       20.4308109      -31810.0000    
   93.3649979       20.4308109      -31810.0000    
   93.3659973       20.4308109      -31810.0000    
   93.3669968       20.4308109      -31810.0000    
   93.3679962       20.4308109      -31810.0000    
   93.3689957       20.4308109      -31810.0000    
   93.3699951       20.4308109      -31810.0000    
   93.3709946       20.4308109      -31810.0000    
   93.3719940       20.4308109      -31810.0000    
   93.3729935       20.4308109      -31810.0000    
   93.3739929       20.4308109      -31810.0000    
   93.3749924       20.4308109      -31810.0000    
   93.3759918       20.4308109      -31810.0000    
   93.3769913       20.4308109      -31810.0000    
   93.3779907       20.4308109      -31810.0000    
   93.3789902       20.4308109      -31810.0000    
   93.3799896       20.4308109      -31810.0000    
   93.3809891       20.4308109      -31810.0000    
   93.3819885       20.4308109      -31810.0000    
   93.3829880       20.4308109      -31810.0000    
   93.3839874       20.4308109      -31810.0000    
   93.3849869       20.4308109      -31810.0000    
   93.3859863       20.4308109      -31810.0000    
   93.3869858       20.4308109      -31810.0000    
   93.3879852       20.4308109      -31810.0000    
   93.3889847       20.4308109      -31810.0000    
   93.3899841       20.4308109      -31810.0000    
   93.3909836       20.4308109      -31810.0000    
   93.3919830       20.4308109      -31810.0000    
   93.3929825       20.4308109      -31810.0000    
   93.3629990       20.4298115      -31810.0000    
   93.3639984       20.4298115      -31810.0000    
   93.3649979       20.4298115      -31810.0000    
   93.3659973       20.4298115      -31810.0000    
   93.3669968       20.4298115      -31810.0000    
   93.3679962       20.4298115      -31810.0000    
   93.3689957       20.4298115      -31810.0000    
   93.3699951       20.4298115      -31810.0000    
   93.3709946       20.4298115      -31810.0000    
   93.3719940       20.4298115      -31810.0000    
   93.3729935       20.4298115      -31810.0000    
   93.3739929       20.4298115      -31810.0000    
   93.3749924       20.4298115      -31810.0000    
   93.3759918       20.4298115      -31810.0000    
   93.3769913       20.4298115      -31810.0000    
   93.3779907       20.4298115      -31810.0000    
   93.3789902       20.4298115      -31810.0000    
   93.3799896       20.4298115      -31810.0000    
   93.3809891       20.4298115      -31810.0000    
   93.3819885       20.4298115      -31810.0000    
   93.3829880       20.4298115      -31810.0000    
   93.3839874       20.4298115      -31810.0000    
   93.3849869       20.4298115      -31810.0000    
   93.3859863       20.4298115      -31810.0000    
   93.3869858       20.4298115      -31810.0000    
   93.3879852       20.4298115      -31810.0000    
   93.3889847       20.4298115      -31810.0000    
   93.3899841       20.4298115      -31810.0000    
   93.3909836       20.4298115      -31810.0000    
   93.3919830       20.4298115      -31810.0000    
   93.3929825       20.4298115      -31810.0000    
   93.3629990       20.4288120      -31810.0000    
   93.3639984       20.4288120      -31810.0000    
   93.3649979       20.4288120      -31810.0000    
   93.3659973       20.4288120      -31810.0000    
   93.3669968       20.4288120      -31810.0000    
   93.3679962       20.4288120      -31810.0000    
   93.3689957       20.4288120      -31810.0000    
   93.3699951       20.4288120      -31810.0000    
   93.3709946       20.4288120      -31810.0000    
   93.3719940       20.4288120      -31810.0000    
   93.3729935       20.4288120      -31810.0000    
   93.3739929       20.4288120      -31810.0000    
   93.3749924       20.4288120      -31810.0000    
   93.3759918       20.4288120      -31810.0000    
   93.3769913       20.4288120      -31810.0000    
   93.3779907       20.4288120      -31810.0000    
   93.3789902       20.4288120      -31810.0000    
   93.3799896       20.4288120      -31810.0000    
   93.3809891       20.4288120      -31810.0000    
   93.3819885       20.4288120      -31810.0000    
   93.3829880       20.4288120      -31810.0000    
   93.3839874       20.4288120      -31810.0000    
   93.3849869       20.4288120      -31810.0000    
   93.3859863       20.4288120      -31810.0000    
   93.3869858       20.4288120      -31810.0000    
   93.3879852       20.4288120      -31810.0000    
   93.3889847       20.4288120      -31810.0000    
   93.3899841       20.4288120      -31810.0000    
   93.3909836       20.4288120      -31810.0000    
   93.3919830       20.4288120      -31810.0000    
   93.3929825       20.4288120      -31810.0000    
   93.3629990       20.4278126      -31810.0000    
   93.3639984       20.4278126      -31810.0000    
   93.3649979       20.4278126      -31810.0000    
   93.3659973       20.4278126      -31810.0000    
   93.3669968       20.4278126      -31810.0000    
   93.3679962       20.4278126      -31810.0000    
   93.3689957       20.4278126      -31810.0000    
   93.3699951       20.4278126      -31810.0000    
   93.3709946       20.4278126      -31810.0000    
   93.3719940       20.4278126      -31810.0000    
   93.3729935       20.4278126      -31810.0000    
   93.3739929       20.4278126      -31810.0000    
   93.3749924       20.4278126      -31810.0000    
   93.3759918       20.4278126      -31810.0000    
   93.3769913       20.4278126      -31810.0000    
   93.3779907       20.4278126      -31810.0000    
   93.3789902       20.4278126      -31810.0000    
   93.3799896       20.4278126      -31810.0000    
   93.3809891       20.4278126      -31810.0000    
   93.3819885       20.4278126      -31810.0000    
   93.3829880       20.4278126      -31810.0000    
   93.3839874       20.4278126      -31810.0000    
   93.3849869       20.4278126      -31810.0000    
   93.3859863       20.4278126      -31810.0000    
   93.3869858       20.4278126      -31810.0000    
   93.3879852       20.4278126      -31810.0000    
   93.3889847       20.4278126      -31810.0000    
   93.3899841       20.4278126      -31810.0000    
   93.3909836       20.4278126      -31810.0000    
   93.3919830       20.4278126      -31810.0000    
   93.3929825       20.4278126      -31810.0000    
   93.3629990       20.4268131      -31810.0000    
   93.3639984       20.4268131      -31810.0000    
   93.3649979       20.4268131      -31810.0000    
   93.3659973       20.4268131      -31810.0000    
   93.3669968       20.4268131      -31810.0000    
   93.3679962       20.4268131      -31810.0000    
   93.3689957       20.4268131      -31810.0000    
   93.3699951       20.4268131      -31810.0000    
   93.3709946       20.4268131      -31810.0000    
   93.3719940       20.4268131      -31810.0000    
   93.3729935       20.4268131      -31810.0000    
   93.3739929       20.4268131      -31810.0000    
   93.3749924       20.4268131      -31810.0000    
   93.3759918       20.4268131      -31810.0000    
   93.3769913       20.4268131      -31810.0000    
   93.3779907       20.4268131      -31810.0000    
   93.3789902       20.4268131      -31810.0000    
   93.3799896       20.4268131      -31810.0000    
   93.3809891       20.4268131      -31810.0000    
   93.3819885       20.4268131      -31810.0000    
   93.3829880       20.4268131      -31810.0000    
   93.3839874       20.4268131      -31810.0000    
   93.3849869       20.4268131      -31810.0000    
   93.3859863       20.4268131      -31810.0000    
   93.3869858       20.4268131      -31810.0000    
   93.3879852       20.4268131      -31810.0000    
   93.3889847       20.4268131      -31810.0000    
   93.3899841       20.4268131      -31810.0000    
   93.3909836       20.4268131      -31810.0000    
   93.3919830       20.4268131      -31810.0000    
   93.3929825       20.4268131      -31810.0000    
   93.3629990       20.4258137      -31810.0000    
   93.3639984       20.4258137      -31810.0000    
   93.3649979       20.4258137      -31810.0000    
   93.3659973       20.4258137      -31810.0000    
   93.3669968       20.4258137      -31810.0000    
   93.3679962       20.4258137      -31810.0000    
   93.3689957       20.4258137      -31810.0000    
   93.3699951       20.4258137      -31810.0000    
   93.3709946       20.4258137      -31810.0000    
   93.3719940       20.4258137      -31810.0000    
   93.3729935       20.4258137      -31810.0000    
   93.3739929       20.4258137      -31810.0000    
   93.3749924       20.4258137      -31810.0000    
   93.3759918       20.4258137      -31810.0000    
   93.3769913       20.4258137      -31810.0000    
   93.3779907       20.4258137      -31810.0000    
   93.3789902       20.4258137      -31810.0000    
   93.3799896       20.4258137      -31810.0000    
   93.3809891       20.4258137      -31810.0000    
   93.3819885       20.4258137      -31810.0000    
   93.3829880       20.4258137      -31810.0000    
   93.3839874       20.4258137      -31810.0000    
   93.3849869       20.4258137      -31810.0000    
   93.3859863       20.4258137      -31810.0000    
   93.3869858       20.4258137      -31810.0000    
   93.3879852       20.4258137      -31810.0000    
   93.3889847       20.4258137      -31810.0000    
   93.3899841       20.4258137      -31810.0000    
   93.3909836       20.4258137      -31810.0000    
   93.3919830       20.4258137      -31810.0000    
   93.3929825       20.4258137      -31810.0000    
   93.3629990       20.4248142      -31810.0000    
   93.3639984       20.4248142      -31810.0000    
   93.3649979       20.4248142      -31810.0000    
   93.3659973       20.4248142      -31810.0000    
   93.3669968       20.4248142      -31810.0000    
   93.3679962       20.4248142      -31810.0000    
   93.3689957       20.4248142      -31810.0000    
   93.3699951       20.4248142      -31810.0000    
   93.3709946       20.4248142      -31810.0000    
   93.3719940       20.4248142      -31810.0000    
   93.3729935       20.4248142      -31810.0000    
   93.3739929       20.4248142      -31810.0000    
   93.3749924       20.4248142      -31810.0000    
   93.3759918       20.4248142      -31810.0000    
   93.3769913       20.4248142      -31810.0000    
   93.3779907       20.4248142      -31810.0000    
   93.3789902       20.4248142      -31810.0000    
   93.3799896       20.4248142      -31810.0000    
   93.3809891       20.4248142      -31810.0000    
   93.3819885       20.4248142      -31810.0000    
   93.3829880       20.4248142      -31810.0000    
   93.3839874       20.4248142      -31810.0000    
   93.3849869       20.4248142      -31810.0000    
   93.3859863       20.4248142      -31810.0000    
   93.3869858       20.4248142      -31810.0000    
   93.3879852       20.4248142      -31810.0000    
   93.3889847       20.4248142      -31810.0000    
   93.3899841       20.4248142      -31810.0000    
   93.3909836       20.4248142      -31810.0000    
   93.3919830       20.4248142      -31810.0000    
   93.3929825       20.4248142      -31810.0000    
   93.3629990       20.4238148      -31810.0000    
   93.3639984       20.4238148      -31810.0000    
   93.3649979       20.4238148      -31810.0000    
   93.3659973       20.4238148      -31810.0000    
   93.3669968       20.4238148      -31810.0000    
   93.3679962       20.4238148      -31810.0000    
   93.3689957       20.4238148      -31810.0000    
   93.3699951       20.4238148      -31810.0000    
   93.3709946       20.4238148      -31810.0000    
   93.3719940       20.4238148      -31810.0000    
   93.3729935       20.4238148      -31810.0000    
   93.3739929       20.4238148      -31810.0000    
   93.3749924       20.4238148      -31810.0000    
   93.3759918       20.4238148      -31810.0000    
   93.3769913       20.4238148      -31810.0000    
   93.3779907       20.4238148      -31810.0000    
   93.3789902       20.4238148      -31810.0000    
   93.3799896       20.4238148      -31810.0000    
   93.3809891       20.4238148      -31810.0000    
   93.3819885       20.4238148      -31810.0000    
   93.3829880       20.4238148      -31810.0000    
   93.3839874       20.4238148      -31810.0000    
   93.3849869       20.4238148      -31810.0000    
   93.3859863       20.4238148      -31810.0000    
   93.3869858       20.4238148      -31810.0000    
   93.3879852       20.4238148      -31810.0000    
   93.3889847       20.4238148      -31810.0000    
   93.3899841       20.4238148      -31810.0000    
   93.3909836       20.4238148      -31810.0000    
   93.3919830       20.4238148      -31810.0000    
   93.3929825       20.4238148      -31810.0000    
   93.3629990       20.4228153      -31810.0000    
   93.3639984       20.4228153      -31810.0000    
   93.3649979       20.4228153      -31810.0000    
   93.3659973       20.4228153      -31810.0000    
   93.3669968       20.4228153      -31810.0000    
   93.3679962       20.4228153      -31810.0000    
   93.3689957       20.4228153      -31810.0000    
   93.3699951       20.4228153      -31810.0000    
   93.3709946       20.4228153      -31810.0000    
   93.3719940       20.4228153      -31810.0000    
   93.3729935       20.4228153      -31810.0000    
   93.3739929       20.4228153      -31810.0000    
   93.3749924       20.4228153      -31810.0000    
   93.3759918       20.4228153      -31810.0000    
   93.3769913       20.4228153      -31810.0000    
   93.3779907       20.4228153      -31810.0000    
   93.3789902       20.4228153      -31810.0000    
   93.3799896       20.4228153      -31810.0000    
   93.3809891       20.4228153      -31810.0000    
   93.3819885       20.4228153      -31810.0000    
   93.3829880       20.4228153      -31810.0000    
   93.3839874       20.4228153      -31810.0000    
   93.3849869       20.4228153      -31810.0000    
   93.3859863       20.4228153      -31810.0000    
   93.3869858       20.4228153      -31810.0000    
   93.3879852       20.4228153      -31810.0000    
   93.3889847       20.4228153      -31810.0000    
   93.3899841       20.4228153      -31810.0000    
   93.3909836       20.4228153      -31810.0000    
   93.3919830       20.4228153      -31810.0000    
   93.3929825       20.4228153      -31810.0000    
