    93.373275757    20.452440262   -30.602380753
    93.373863220    20.452299118   -30.682838440
    93.374443054    20.452157974   -30.763296127
    93.375015259    20.452018738   -30.843753815
    93.375602722    20.451877594   -30.924213409
    93.376182556    20.451736450   -31.004671097
    93.376762390    20.451593399   -31.085128784
    93.377342224    20.451452255   -31.165588379
    93.377929688    20.451311111   -31.246044159
    93.378501892    20.451171875   -31.326503754
    93.379081726    20.451030731   -31.406963348
    93.379669189    20.450889587   -31.487419128
    93.380249023    20.450748444   -31.567878723
    93.380828857    20.450605392   -31.648336411
    93.381416321    20.450464249   -31.728794098
    93.381988525    20.450325012   -31.809253693
    93.382568359    20.450183868   -31.889711380
    93.383155823    20.450042725   -31.970169067
    93.383735657    20.449901581   -32.050628662
    93.384315491    20.449758530   -32.131084442
    93.384902954    20.449617386   -32.211544037
    93.385482788    20.449476242   -32.292003632
    93.386054993    20.449337006   -32.372459412
    93.386634827    20.449195862   -32.452919006
    93.387222290    20.449054718   -32.533378601
    93.387802124    20.448913574   -32.613834381
    93.388381958    20.448770523   -32.694293976
    93.388969421    20.448629379   -32.774749756
    93.389541626    20.448490143   -32.855209351
    93.390121460    20.448348999   -32.935668945
    93.390708923    20.448207855   -33.016124725
    93.372993469    20.451475143   -30.602380753
    93.373573303    20.451334000   -30.682838440
    93.374153137    20.451192856   -30.763296127
    93.374732971    20.451053619   -30.843753815
    93.375312805    20.450912476   -30.924213409
    93.375892639    20.450769424   -31.004671097
    93.376480103    20.450628281   -31.085128784
    93.377059937    20.450487137   -31.165588379
    93.377639771    20.450345993   -31.246044159
    93.378219604    20.450206757   -31.326503754
    93.378799438    20.450065613   -31.406963348
    93.379379272    20.449924469   -31.487419128
    93.379966736    20.449781418   -31.567878723
    93.380546570    20.449640274   -31.648336411
    93.381126404    20.449499130   -31.728794098
    93.381706238    20.449359894   -31.809253693
    93.382286072    20.449218750   -31.889711380
    93.382865906    20.449077606   -31.970169067
    93.383445740    20.448934555   -32.050628662
    93.384033203    20.448793411   -32.131084442
    93.384613037    20.448652267   -32.211544037
    93.385192871    20.448511124   -32.292003632
    93.385772705    20.448371887   -32.372459412
    93.386352539    20.448230743   -32.452919006
    93.386932373    20.448089600   -32.533378601
    93.387519836    20.447946548   -32.613834381
    93.388099670    20.447805405   -32.694293976
    93.388679504    20.447664261   -32.774749756
    93.389259338    20.447525024   -32.855209351
    93.389839172    20.447383881   -32.935668945
    93.390419006    20.447242737   -33.016124725
    93.372703552    20.450510025   -30.602380753
    93.373291016    20.450368881   -30.682838440
    93.373870850    20.450227737   -30.763296127
    93.374443054    20.450088501   -30.843753815
    93.375030518    20.449945450   -30.924213409
    93.375610352    20.449804306   -31.004671097
    93.376190186    20.449663162   -31.085128784
    93.376777649    20.449522018   -31.165588379
    93.377357483    20.449380875   -31.246044159
    93.377929688    20.449241638   -31.326503754
    93.378517151    20.449098587   -31.406963348
    93.379096985    20.448957443   -31.487419128
    93.379676819    20.448816299   -31.567878723
    93.380264282    20.448675156   -31.648336411
    93.380844116    20.448534012   -31.728794098
    93.381416321    20.448394775   -31.809253693
    93.381996155    20.448253632   -31.889711380
    93.382583618    20.448110580   -31.970169067
    93.383163452    20.447969437   -32.050628662
    93.383743286    20.447828293   -32.131084442
    93.384330750    20.447687149   -32.211544037
    93.384910583    20.447546005   -32.292003632
    93.385482788    20.447406769   -32.372459412
    93.386070251    20.447265625   -32.452919006
    93.386650085    20.447122574   -32.533378601
    93.387229919    20.446981430   -32.613834381
    93.387817383    20.446840286   -32.694293976
    93.388397217    20.446699142   -32.774749756
    93.388969421    20.446559906   -32.855209351
    93.389556885    20.446418762   -32.935668945
    93.390136719    20.446277618   -33.016124725
    93.372421265    20.449544907   -30.602380753
    93.373001099    20.449403763   -30.682838440
    93.373588562    20.449262619   -30.763296127
    93.374160767    20.449121475   -30.843753815
    93.374740601    20.448980331   -30.924213409
    93.375328064    20.448839188   -31.004671097
    93.375907898    20.448698044   -31.085128784
    93.376487732    20.448556900   -31.165588379
    93.377075195    20.448415756   -31.246044159
    93.377647400    20.448274612   -31.326503754
    93.378227234    20.448133469   -31.406963348
    93.378807068    20.447992325   -31.487419128
    93.379394531    20.447851181   -31.567878723
    93.379974365    20.447710037   -31.648336411
    93.380554199    20.447568893   -31.728794098
    93.381134033    20.447429657   -31.809253693
    93.381713867    20.447286606   -31.889711380
    93.382293701    20.447145462   -31.970169067
    93.382881165    20.447004318   -32.050628662
    93.383460999    20.446863174   -32.131084442
    93.384040833    20.446722031   -32.211544037
    93.384628296    20.446580887   -32.292003632
    93.385200500    20.446441650   -32.372459412
    93.385780334    20.446298599   -32.452919006
    93.386367798    20.446157455   -32.533378601
    93.386947632    20.446016312   -32.613834381
    93.387527466    20.445875168   -32.694293976
    93.388107300    20.445734024   -32.774749756
    93.388687134    20.445594788   -32.855209351
    93.389266968    20.445453644   -32.935668945
    93.389846802    20.445310593   -33.016124725
    93.372138977    20.448579788   -30.602380753
    93.372718811    20.448438644   -30.682838440
    93.373298645    20.448295593   -30.763296127
    93.373878479    20.448156357   -30.843753815
    93.374458313    20.448015213   -30.924213409
    93.375038147    20.447874069   -31.004671097
    93.375625610    20.447732925   -31.085128784
    93.376205444    20.447591782   -31.165588379
    93.376785278    20.447450638   -31.246044159
    93.377357483    20.447309494   -31.326503754
    93.377944946    20.447168350   -31.406963348
    93.378524780    20.447027206   -31.487419128
    93.379104614    20.446886063   -31.567878723
    93.379692078    20.446744919   -31.648336411
    93.380271912    20.446603775   -31.728794098
    93.380844116    20.446462631   -31.809253693
    93.381431580    20.446321487   -31.889711380
    93.382011414    20.446180344   -31.970169067
    93.382591248    20.446039200   -32.050628662
    93.383178711    20.445898056   -32.131084442
    93.383758545    20.445756912   -32.211544037
    93.384338379    20.445615768   -32.292003632
    93.384918213    20.445474625   -32.372459412
    93.385498047    20.445333481   -32.452919006
    93.386077881    20.445192337   -32.533378601
    93.386657715    20.445051193   -32.613834381
    93.387245178    20.444910049   -32.694293976
    93.387825012    20.444768906   -32.774749756
    93.388397217    20.444629669   -32.855209351
    93.388984680    20.444486618   -32.935668945
    93.389564514    20.444345474   -33.016124725
    93.371849060    20.447614670   -30.602380753
    93.372436523    20.447471619   -30.682838440
    93.373016357    20.447330475   -30.763296127
    93.373588562    20.447191238   -30.843753815
    93.374176025    20.447050095   -30.924213409
    93.374755859    20.446908951   -31.004671097
    93.375335693    20.446767807   -31.085128784
    93.375915527    20.446626663   -31.165588379
    93.376502991    20.446483612   -31.246044159
    93.377075195    20.446344376   -31.326503754
    93.377655029    20.446203232   -31.406963348
    93.378242493    20.446062088   -31.487419128
    93.378822327    20.445920944   -31.567878723
    93.379402161    20.445779800   -31.648336411
    93.379989624    20.445638657   -31.728794098
    93.380561829    20.445497513   -31.809253693
    93.381141663    20.445356369   -31.889711380
    93.381729126    20.445215225   -31.970169067
    93.382308960    20.445074081   -32.050628662
    93.382888794    20.444932938   -32.131084442
    93.383468628    20.444791794   -32.211544037
    93.384056091    20.444648743   -32.292003632
    93.384628296    20.444509506   -32.372459412
    93.385208130    20.444368362   -32.452919006
    93.385795593    20.444227219   -32.533378601
    93.386375427    20.444086075   -32.613834381
    93.386955261    20.443944931   -32.694293976
    93.387542725    20.443803787   -32.774749756
    93.388114929    20.443662643   -32.855209351
    93.388694763    20.443521500   -32.935668945
    93.389282227    20.443380356   -33.016124725
    93.371566772    20.446647644   -30.602380753
    93.372146606    20.446506500   -30.682838440
    93.372726440    20.446365356   -30.763296127
    93.373306274    20.446226120   -30.843753815
    93.373886108    20.446084976   -30.924213409
    93.374465942    20.445943832   -31.004671097
    93.375053406    20.445802689   -31.085128784
    93.375633240    20.445659637   -31.165588379
    93.376213074    20.445518494   -31.246044159
    93.376792908    20.445379257   -31.326503754
    93.377372742    20.445238113   -31.406963348
    93.377952576    20.445096970   -31.487419128
    93.378540039    20.444955826   -31.567878723
    93.379119873    20.444814682   -31.648336411
    93.379699707    20.444671631   -31.728794098
    93.380279541    20.444532394   -31.809253693
    93.380859375    20.444391251   -31.889711380
    93.381439209    20.444250107   -31.970169067
    93.382019043    20.444108963   -32.050628662
    93.382606506    20.443967819   -32.131084442
    93.383186340    20.443824768   -32.211544037
    93.383766174    20.443683624   -32.292003632
    93.384346008    20.443544388   -32.372459412
    93.384925842    20.443403244   -32.452919006
    93.385505676    20.443262100   -32.533378601
    93.386093140    20.443120956   -32.613834381
    93.386672974    20.442979813   -32.694293976
    93.387252808    20.442836761   -32.774749756
    93.387832642    20.442697525   -32.855209351
    93.388412476    20.442556381   -32.935668945
    93.388992310    20.442415237   -33.016124725
    93.371276855    20.445682526   -30.602380753
    93.371864319    20.445541382   -30.682838440
    93.372444153    20.445400238   -30.763296127
    93.373016357    20.445261002   -30.843753815
    93.373603821    20.445119858   -30.924213409
    93.374183655    20.444978714   -31.004671097
    93.374763489    20.444835663   -31.085128784
    93.375350952    20.444694519   -31.165588379
    93.375930786    20.444553375   -31.246044159
    93.376502991    20.444414139   -31.326503754
    93.377090454    20.444272995   -31.406963348
    93.377670288    20.444131851   -31.487419128
    93.378250122    20.443988800   -31.567878723
    93.378837585    20.443847656   -31.648336411
    93.379417419    20.443706512   -31.728794098
    93.379989624    20.443567276   -31.809253693
    93.380569458    20.443426132   -31.889711380
    93.381156921    20.443284988   -31.970169067
    93.381736755    20.443143845   -32.050628662
    93.382316589    20.443000793   -32.131084442
    93.382904053    20.442859650   -32.211544037
    93.383483887    20.442718506   -32.292003632
    93.384056091    20.442579269   -32.372459412
    93.384643555    20.442438126   -32.452919006
    93.385223389    20.442296982   -32.533378601
    93.385803223    20.442155838   -32.613834381
    93.386390686    20.442012787   -32.694293976
    93.386970520    20.441871643   -32.774749756
    93.387542725    20.441732407   -32.855209351
    93.388130188    20.441591263   -32.935668945
    93.388710022    20.441450119   -33.016124725
    93.370994568    20.444717407   -30.602380753
    93.371574402    20.444576263   -30.682838440
    93.372161865    20.444435120   -30.763296127
    93.372734070    20.444295883   -30.843753815
    93.373313904    20.444154739   -30.924213409
    93.373901367    20.444011688   -31.004671097
    93.374481201    20.443870544   -31.085128784
    93.375061035    20.443729401   -31.165588379
    93.375648499    20.443588257   -31.246044159
    93.376220703    20.443449020   -31.326503754
    93.376800537    20.443307877   -31.406963348
    93.377380371    20.443164825   -31.487419128
    93.377967834    20.443023682   -31.567878723
    93.378547668    20.442882538   -31.648336411
    93.379127502    20.442741394   -31.728794098
    93.379707336    20.442602158   -31.809253693
    93.380287170    20.442461014   -31.889711380
    93.380867004    20.442319870   -31.970169067
    93.381454468    20.442176819   -32.050628662
    93.382034302    20.442035675   -32.131084442
    93.382614136    20.441894531   -32.211544037
    93.383201599    20.441753387   -32.292003632
    93.383773804    20.441614151   -32.372459412
    93.384353638    20.441473007   -32.452919006
    93.384941101    20.441331863   -32.533378601
    93.385520935    20.441188812   -32.613834381
    93.386100769    20.441047668   -32.694293976
    93.386680603    20.440906525   -32.774749756
    93.387260437    20.440767288   -32.855209351
    93.387840271    20.440626144   -32.935668945
    93.388420105    20.440485001   -33.016124725
    93.370712280    20.443752289   -30.602380753
    93.371292114    20.443611145   -30.682838440
    93.371871948    20.443470001   -30.763296127
    93.372451782    20.443330765   -30.843753815
    93.373031616    20.443187714   -30.924213409
    93.373611450    20.443046570   -31.004671097
    93.374198914    20.442905426   -31.085128784
    93.374778748    20.442764282   -31.165588379
    93.375358582    20.442623138   -31.246044159
    93.375930786    20.442483902   -31.326503754
    93.376518250    20.442340851   -31.406963348
    93.377098083    20.442199707   -31.487419128
    93.377677917    20.442058563   -31.567878723
    93.378265381    20.441917419   -31.648336411
    93.378845215    20.441776276   -31.728794098
    93.379417419    20.441637039   -31.809253693
    93.380004883    20.441495895   -31.889711380
    93.380584717    20.441352844   -31.970169067
    93.381164551    20.441211700   -32.050628662
    93.381752014    20.441070557   -32.131084442
    93.382331848    20.440929413   -32.211544037
    93.382911682    20.440788269   -32.292003632
    93.383491516    20.440649033   -32.372459412
    93.384071350    20.440507889   -32.452919006
    93.384651184    20.440364838   -32.533378601
    93.385231018    20.440223694   -32.613834381
    93.385818481    20.440082550   -32.694293976
    93.386398315    20.439941406   -32.774749756
    93.386970520    20.439802170   -32.855209351
    93.387557983    20.439661026   -32.935668945
    93.388137817    20.439519882   -33.016124725
    93.370422363    20.442787170   -30.602380753
    93.371009827    20.442646027   -30.682838440
    93.371589661    20.442504883   -30.763296127
    93.372161865    20.442363739   -30.843753815
    93.372741699    20.442222595   -30.924213409
    93.373329163    20.442081451   -31.004671097
    93.373908997    20.441940308   -31.085128784
    93.374488831    20.441799164   -31.165588379
    93.375076294    20.441658020   -31.246044159
    93.375648499    20.441516876   -31.326503754
    93.376228333    20.441375732   -31.406963348
    93.376815796    20.441234589   -31.487419128
    93.377395630    20.441093445   -31.567878723
    93.377975464    20.440952301   -31.648336411
    93.378562927    20.440811157   -31.728794098
    93.379135132    20.440671921   -31.809253693
    93.379714966    20.440528870   -31.889711380
    93.380302429    20.440387726   -31.970169067
    93.380882263    20.440246582   -32.050628662
    93.381462097    20.440105438   -32.131084442
    93.382041931    20.439964294   -32.211544037
    93.382629395    20.439823151   -32.292003632
    93.383201599    20.439683914   -32.372459412
    93.383781433    20.439540863   -32.452919006
    93.384368896    20.439399719   -32.533378601
    93.384948730    20.439258575   -32.613834381
    93.385528564    20.439117432   -32.694293976
    93.386116028    20.438976288   -32.774749756
    93.386688232    20.438837051   -32.855209351
    93.387268066    20.438695908   -32.935668945
    93.387855530    20.438552856   -33.016124725
    93.370140076    20.441822052   -30.602380753
    93.370719910    20.441680908   -30.682838440
    93.371299744    20.441537857   -30.763296127
    93.371879578    20.441398621   -30.843753815
    93.372459412    20.441257477   -30.924213409
    93.373039246    20.441116333   -31.004671097
    93.373626709    20.440975189   -31.085128784
    93.374206543    20.440834045   -31.165588379
    93.374786377    20.440692902   -31.246044159
    93.375366211    20.440551758   -31.326503754
    93.375946045    20.440410614   -31.406963348
    93.376525879    20.440269470   -31.487419128
    93.377113342    20.440128326   -31.567878723
    93.377693176    20.439987183   -31.648336411
    93.378273010    20.439846039   -31.728794098
    93.378852844    20.439704895   -31.809253693
    93.379432678    20.439563751   -31.889711380
    93.380012512    20.439422607   -31.970169067
    93.380592346    20.439281464   -32.050628662
    93.381179810    20.439140320   -32.131084442
    93.381759644    20.438999176   -32.211544037
    93.382339478    20.438858032   -32.292003632
    93.382919312    20.438716888   -32.372459412
    93.383499146    20.438575745   -32.452919006
    93.384078979    20.438434601   -32.533378601
    93.384666443    20.438293457   -32.613834381
    93.385246277    20.438152313   -32.694293976
    93.385826111    20.438011169   -32.774749756
    93.386405945    20.437871933   -32.855209351
    93.386985779    20.437728882   -32.935668945
    93.387565613    20.437587738   -33.016124725
    93.369850159    20.440856934   -30.602380753
    93.370437622    20.440713882   -30.682838440
    93.371017456    20.440572739   -30.763296127
    93.371589661    20.440433502   -30.843753815
    93.372177124    20.440292358   -30.924213409
    93.372756958    20.440151215   -31.004671097
    93.373336792    20.440010071   -31.085128784
    93.373924255    20.439868927   -31.165588379
    93.374504089    20.439725876   -31.246044159
    93.375076294    20.439586639   -31.326503754
    93.375663757    20.439445496   -31.406963348
    93.376243591    20.439304352   -31.487419128
    93.376823425    20.439163208   -31.567878723
    93.377403259    20.439022064   -31.648336411
    93.377990723    20.438879013   -31.728794098
    93.378562927    20.438739777   -31.809253693
    93.379142761    20.438598633   -31.889711380
    93.379730225    20.438457489   -31.970169067
    93.380310059    20.438316345   -32.050628662
    93.380889893    20.438175201   -32.131084442
    93.381477356    20.438034058   -32.211544037
    93.382057190    20.437891006   -32.292003632
    93.382629395    20.437751770   -32.372459412
    93.383216858    20.437610626   -32.452919006
    93.383796692    20.437469482   -32.533378601
    93.384376526    20.437328339   -32.613834381
    93.384963989    20.437187195   -32.694293976
    93.385543823    20.437046051   -32.774749756
    93.386116028    20.436904907   -32.855209351
    93.386703491    20.436763763   -32.935668945
    93.387283325    20.436622620   -33.016124725
    93.369567871    20.439889908   -30.602380753
    93.370147705    20.439748764   -30.682838440
    93.370735168    20.439607620   -30.763296127
    93.371307373    20.439468384   -30.843753815
    93.371887207    20.439327240   -30.924213409
    93.372474670    20.439186096   -31.004671097
    93.373054504    20.439044952   -31.085128784
    93.373634338    20.438901901   -31.165588379
    93.374221802    20.438760757   -31.246044159
    93.374794006    20.438621521   -31.326503754
    93.375373840    20.438480377   -31.406963348
    93.375953674    20.438339233   -31.487419128
    93.376541138    20.438198090   -31.567878723
    93.377120972    20.438055038   -31.648336411
    93.377700806    20.437913895   -31.728794098
    93.378280640    20.437774658   -31.809253693
    93.378860474    20.437633514   -31.889711380
    93.379440308    20.437492371   -31.970169067
    93.380027771    20.437351227   -32.050628662
    93.380607605    20.437210083   -32.131084442
    93.381187439    20.437067032   -32.211544037
    93.381774902    20.436925888   -32.292003632
    93.382347107    20.436786652   -32.372459412
    93.382926941    20.436645508   -32.452919006
    93.383514404    20.436504364   -32.533378601
    93.384094238    20.436363220   -32.613834381
    93.384674072    20.436222076   -32.694293976
    93.385253906    20.436079025   -32.774749756
    93.385833740    20.435939789   -32.855209351
    93.386413574    20.435798645   -32.935668945
    93.386993408    20.435657501   -33.016124725
    93.369285583    20.438924789   -30.602380753
    93.369865417    20.438783646   -30.682838440
    93.370445251    20.438642502   -30.763296127
    93.371025085    20.438503265   -30.843753815
    93.371604919    20.438362122   -30.924213409
    93.372184753    20.438220978   -31.004671097
    93.372764587    20.438077927   -31.085128784
    93.373352051    20.437936783   -31.165588379
    93.373931885    20.437795639   -31.246044159
    93.374504089    20.437656403   -31.326503754
    93.375091553    20.437515259   -31.406963348
    93.375671387    20.437374115   -31.487419128
    93.376251221    20.437231064   -31.567878723
    93.376838684    20.437089920   -31.648336411
    93.377418518    20.436948776   -31.728794098
    93.377990723    20.436809540   -31.809253693
    93.378578186    20.436668396   -31.889711380
    93.379158020    20.436527252   -31.970169067
    93.379737854    20.436386108   -32.050628662
    93.380325317    20.436243057   -32.131084442
    93.380905151    20.436101913   -32.211544037
    93.381484985    20.435960770   -32.292003632
    93.382064819    20.435821533   -32.372459412
    93.382644653    20.435680389   -32.452919006
    93.383224487    20.435539246   -32.533378601
    93.383804321    20.435398102   -32.613834381
    93.384391785    20.435255051   -32.694293976
    93.384971619    20.435113907   -32.774749756
    93.385543823    20.434974670   -32.855209351
    93.386131287    20.434833527   -32.935668945
    93.386711121    20.434692383   -33.016124725
    93.368995667    20.437959671   -30.602380753
    93.369583130    20.437818527   -30.682838440
    93.370162964    20.437677383   -30.763296127
    93.370735168    20.437538147   -30.843753815
    93.371315002    20.437395096   -30.924213409
    93.371902466    20.437253952   -31.004671097
    93.372482300    20.437112808   -31.085128784
    93.373062134    20.436971664   -31.165588379
    93.373649597    20.436830521   -31.246044159
    93.374221802    20.436691284   -31.326503754
    93.374801636    20.436550140   -31.406963348
    93.375389099    20.436407089   -31.487419128
    93.375968933    20.436265945   -31.567878723
    93.376548767    20.436124802   -31.648336411
    93.377136230    20.435983658   -31.728794098
    93.377708435    20.435844421   -31.809253693
    93.378288269    20.435703278   -31.889711380
    93.378875732    20.435562134   -31.970169067
    93.379455566    20.435419083   -32.050628662
    93.380035400    20.435277939   -32.131084442
    93.380615234    20.435136795   -32.211544037
    93.381202698    20.434995651   -32.292003632
    93.381774902    20.434856415   -32.372459412
    93.382354736    20.434715271   -32.452919006
    93.382942200    20.434574127   -32.533378601
    93.383522034    20.434431076   -32.613834381
    93.384101868    20.434289932   -32.694293976
    93.384689331    20.434148788   -32.774749756
    93.385261536    20.434009552   -32.855209351
    93.385841370    20.433868408   -32.935668945
    93.386428833    20.433727264   -33.016124725
    93.368713379    20.436994553   -30.602380753
    93.369293213    20.436853409   -30.682838440
    93.369873047    20.436712265   -30.763296127
    93.370452881    20.436571121   -30.843753815
    93.371032715    20.436429977   -30.924213409
    93.371612549    20.436288834   -31.004671097
    93.372200012    20.436147690   -31.085128784
    93.372779846    20.436006546   -31.165588379
    93.373359680    20.435865402   -31.246044159
    93.373939514    20.435726166   -31.326503754
    93.374519348    20.435583115   -31.406963348
    93.375099182    20.435441971   -31.487419128
    93.375686646    20.435300827   -31.567878723
    93.376266479    20.435159683   -31.648336411
    93.376846313    20.435018539   -31.728794098
    93.377426147    20.434879303   -31.809253693
    93.378005981    20.434738159   -31.889711380
    93.378585815    20.434595108   -31.970169067
    93.379165649    20.434453964   -32.050628662
    93.379753113    20.434312820   -32.131084442
    93.380332947    20.434171677   -32.211544037
    93.380912781    20.434030533   -32.292003632
    93.381492615    20.433891296   -32.372459412
    93.382072449    20.433750153   -32.452919006
    93.382652283    20.433607101   -32.533378601
    93.383239746    20.433465958   -32.613834381
    93.383819580    20.433324814   -32.694293976
    93.384399414    20.433183670   -32.774749756
    93.384979248    20.433044434   -32.855209351
    93.385559082    20.432903290   -32.935668945
    93.386138916    20.432762146   -33.016124725
    93.368423462    20.436029434   -30.602380753
    93.369010925    20.435888290   -30.682838440
    93.369590759    20.435747147   -30.763296127
    93.370162964    20.435606003   -30.843753815
    93.370750427    20.435464859   -30.924213409
    93.371330261    20.435323715   -31.004671097
    93.371910095    20.435182571   -31.085128784
    93.372497559    20.435041428   -31.165588379
    93.373077393    20.434900284   -31.246044159
    93.373649597    20.434759140   -31.326503754
    93.374237061    20.434617996   -31.406963348
    93.374816895    20.434476852   -31.487419128
    93.375396729    20.434335709   -31.567878723
    93.375976562    20.434194565   -31.648336411
    93.376564026    20.434053421   -31.728794098
    93.377136230    20.433914185   -31.809253693
    93.377716064    20.433771133   -31.889711380
    93.378303528    20.433629990   -31.970169067
    93.378883362    20.433488846   -32.050628662
    93.379463196    20.433347702   -32.131084442
    93.380050659    20.433206558   -32.211544037
    93.380630493    20.433065414   -32.292003632
    93.381202698    20.432926178   -32.372459412
    93.381790161    20.432783127   -32.452919006
    93.382369995    20.432641983   -32.533378601
    93.382949829    20.432500839   -32.613834381
    93.383537292    20.432359695   -32.694293976
    93.384117126    20.432218552   -32.774749756
    93.384689331    20.432079315   -32.855209351
    93.385269165    20.431938171   -32.935668945
    93.385856628    20.431795120   -33.016124725
    93.368141174    20.435064316   -30.602380753
    93.368721008    20.434923172   -30.682838440
    93.369308472    20.434780121   -30.763296127
    93.369880676    20.434640884   -30.843753815
    93.370460510    20.434499741   -30.924213409
    93.371047974    20.434358597   -31.004671097
    93.371627808    20.434217453   -31.085128784
    93.372207642    20.434076309   -31.165588379
    93.372787476    20.433935165   -31.246044159
    93.373367310    20.433794022   -31.326503754
    93.373947144    20.433652878   -31.406963348
    93.374526978    20.433511734   -31.487419128
    93.375114441    20.433370590   -31.567878723
    93.375694275    20.433229446   -31.648336411
    93.376274109    20.433088303   -31.728794098
    93.376853943    20.432947159   -31.809253693
    93.377433777    20.432806015   -31.889711380
    93.378013611    20.432664871   -31.970169067
    93.378601074    20.432523727   -32.050628662
    93.379180908    20.432382584   -32.131084442
    93.379760742    20.432241440   -32.211544037
    93.380348206    20.432100296   -32.292003632
    93.380920410    20.431959152   -32.372459412
    93.381500244    20.431818008   -32.452919006
    93.382087708    20.431676865   -32.533378601
    93.382667542    20.431535721   -32.613834381
    93.383247375    20.431394577   -32.694293976
    93.383827209    20.431253433   -32.774749756
    93.384407043    20.431114197   -32.855209351
    93.384986877    20.430971146   -32.935668945
    93.385566711    20.430830002   -33.016124725
    93.367858887    20.434099197   -30.602380753
    93.368438721    20.433956146   -30.682838440
    93.369018555    20.433815002   -30.763296127
    93.369598389    20.433675766   -30.843753815
    93.370178223    20.433534622   -30.924213409
    93.370758057    20.433393478   -31.004671097
    93.371337891    20.433252335   -31.085128784
    93.371925354    20.433111191   -31.165588379
    93.372505188    20.432968140   -31.246044159
    93.373077393    20.432828903   -31.326503754
    93.373664856    20.432687759   -31.406963348
    93.374244690    20.432546616   -31.487419128
    93.374824524    20.432405472   -31.567878723
    93.375411987    20.432264328   -31.648336411
    93.375991821    20.432121277   -31.728794098
    93.376564026    20.431982040   -31.809253693
    93.377151489    20.431840897   -31.889711380
    93.377731323    20.431699753   -31.970169067
    93.378311157    20.431558609   -32.050628662
    93.378898621    20.431417465   -32.131084442
    93.379478455    20.431276321   -32.211544037
    93.380058289    20.431133270   -32.292003632
    93.380638123    20.430994034   -32.372459412
    93.381217957    20.430852890   -32.452919006
    93.381797791    20.430711746   -32.533378601
    93.382377625    20.430570602   -32.613834381
    93.382965088    20.430429459   -32.694293976
    93.383544922    20.430288315   -32.774749756
    93.384117126    20.430147171   -32.855209351
    93.384704590    20.430006027   -32.935668945
    93.385284424    20.429864883   -33.016124725
    93.367568970    20.433132172   -30.602380753
    93.368148804    20.432991028   -30.682838440
    93.368736267    20.432849884   -30.763296127
    93.369308472    20.432710648   -30.843753815
    93.369888306    20.432569504   -30.924213409
    93.370475769    20.432428360   -31.004671097
    93.371055603    20.432285309   -31.085128784
    93.371635437    20.432144165   -31.165588379
    93.372222900    20.432003021   -31.246044159
    93.372795105    20.431863785   -31.326503754
    93.373374939    20.431722641   -31.406963348
    93.373962402    20.431581497   -31.487419128
    93.374542236    20.431440353   -31.567878723
    93.375122070    20.431297302   -31.648336411
    93.375709534    20.431156158   -31.728794098
    93.376281738    20.431016922   -31.809253693
    93.376861572    20.430875778   -31.889711380
    93.377449036    20.430734634   -31.970169067
    93.378028870    20.430593491   -32.050628662
    93.378608704    20.430452347   -32.131084442
    93.379188538    20.430309296   -32.211544037
    93.379776001    20.430168152   -32.292003632
    93.380348206    20.430028915   -32.372459412
    93.380928040    20.429887772   -32.452919006
    93.381515503    20.429746628   -32.533378601
    93.382095337    20.429605484   -32.613834381
    93.382675171    20.429464340   -32.694293976
    93.383262634    20.429321289   -32.774749756
    93.383834839    20.429182053   -32.855209351
    93.384414673    20.429040909   -32.935668945
    93.385002136    20.428899765   -33.016124725
    93.367286682    20.432167053   -30.602380753
    93.367866516    20.432025909   -30.682838440
    93.368446350    20.431884766   -30.763296127
    93.369026184    20.431745529   -30.843753815
    93.369606018    20.431604385   -30.924213409
    93.370185852    20.431461334   -31.004671097
    93.370773315    20.431320190   -31.085128784
    93.371353149    20.431179047   -31.165588379
    93.371932983    20.431037903   -31.246044159
    93.372512817    20.430898666   -31.326503754
    93.373092651    20.430757523   -31.406963348
    93.373672485    20.430616379   -31.487419128
    93.374259949    20.430473328   -31.567878723
    93.374839783    20.430332184   -31.648336411
    93.375419617    20.430191040   -31.728794098
    93.375999451    20.430051804   -31.809253693
    93.376579285    20.429910660   -31.889711380
    93.377159119    20.429769516   -31.970169067
    93.377738953    20.429628372   -32.050628662
    93.378326416    20.429485321   -32.131084442
    93.378906250    20.429344177   -32.211544037
    93.379486084    20.429203033   -32.292003632
    93.380065918    20.429063797   -32.372459412
    93.380645752    20.428922653   -32.452919006
    93.381225586    20.428781509   -32.533378601
    93.381813049    20.428640366   -32.613834381
    93.382392883    20.428497314   -32.694293976
    93.382972717    20.428356171   -32.774749756
    93.383552551    20.428216934   -32.855209351
    93.384132385    20.428075790   -32.935668945
    93.384712219    20.427934647   -33.016124725
    93.366996765    20.431201935   -30.602380753
    93.367584229    20.431060791   -30.682838440
    93.368164062    20.430919647   -30.763296127
    93.368736267    20.430780411   -30.843753815
    93.369323730    20.430637360   -30.924213409
    93.369903564    20.430496216   -31.004671097
    93.370483398    20.430355072   -31.085128784
    93.371070862    20.430213928   -31.165588379
    93.371650696    20.430072784   -31.246044159
    93.372222900    20.429933548   -31.326503754
    93.372810364    20.429792404   -31.406963348
    93.373390198    20.429649353   -31.487419128
    93.373970032    20.429508209   -31.567878723
    93.374549866    20.429367065   -31.648336411
    93.375137329    20.429225922   -31.728794098
    93.375709534    20.429086685   -31.809253693
    93.376289368    20.428945541   -31.889711380
    93.376876831    20.428804398   -31.970169067
    93.377456665    20.428661346   -32.050628662
    93.378036499    20.428520203   -32.131084442
    93.378623962    20.428379059   -32.211544037
    93.379203796    20.428237915   -32.292003632
    93.379776001    20.428098679   -32.372459412
    93.380363464    20.427957535   -32.452919006
    93.380943298    20.427816391   -32.533378601
    93.381523132    20.427673340   -32.613834381
    93.382110596    20.427532196   -32.694293976
    93.382690430    20.427391052   -32.774749756
    93.383262634    20.427251816   -32.855209351
    93.383842468    20.427110672   -32.935668945
    93.384429932    20.426969528   -33.016124725
    93.366714478    20.430236816   -30.602380753
    93.367294312    20.430095673   -30.682838440
    93.367881775    20.429954529   -30.763296127
    93.368453979    20.429813385   -30.843753815
    93.369033813    20.429672241   -30.924213409
    93.369621277    20.429531097   -31.004671097
    93.370201111    20.429389954   -31.085128784
    93.370780945    20.429248810   -31.165588379
    93.371360779    20.429107666   -31.246044159
    93.371940613    20.428968430   -31.326503754
    93.372520447    20.428825378   -31.406963348
    93.373100281    20.428684235   -31.487419128
    93.373687744    20.428543091   -31.567878723
    93.374267578    20.428401947   -31.648336411
    93.374847412    20.428260803   -31.728794098
    93.375427246    20.428121567   -31.809253693
    93.376007080    20.427980423   -31.889711380
    93.376586914    20.427837372   -31.970169067
    93.377174377    20.427696228   -32.050628662
    93.377754211    20.427555084   -32.131084442
    93.378334045    20.427413940   -32.211544037
    93.378921509    20.427272797   -32.292003632
    93.379493713    20.427133560   -32.372459412
    93.380073547    20.426992416   -32.452919006
    93.380661011    20.426849365   -32.533378601
    93.381240845    20.426708221   -32.613834381
    93.381820679    20.426567078   -32.694293976
    93.382400513    20.426425934   -32.774749756
    93.382980347    20.426286697   -32.855209351
    93.383560181    20.426145554   -32.935668945
    93.384140015    20.426004410   -33.016124725
    93.366432190    20.429271698   -30.602380753
    93.367012024    20.429130554   -30.682838440
    93.367591858    20.428989410   -30.763296127
    93.368171692    20.428848267   -30.843753815
    93.368751526    20.428707123   -30.924213409
    93.369331360    20.428565979   -31.004671097
    93.369911194    20.428424835   -31.085128784
    93.370498657    20.428283691   -31.165588379
    93.371078491    20.428142548   -31.246044159
    93.371650696    20.428001404   -31.326503754
    93.372238159    20.427860260   -31.406963348
    93.372817993    20.427719116   -31.487419128
    93.373397827    20.427577972   -31.567878723
    93.373985291    20.427436829   -31.648336411
    93.374565125    20.427295685   -31.728794098
    93.375137329    20.427156448   -31.809253693
    93.375724792    20.427013397   -31.889711380
    93.376304626    20.426872253   -31.970169067
    93.376884460    20.426731110   -32.050628662
    93.377471924    20.426589966   -32.131084442
    93.378051758    20.426448822   -32.211544037
    93.378631592    20.426307678   -32.292003632
    93.379203796    20.426168442   -32.372459412
    93.379791260    20.426025391   -32.452919006
    93.380371094    20.425884247   -32.533378601
    93.380950928    20.425743103   -32.613834381
    93.381538391    20.425601959   -32.694293976
    93.382118225    20.425460815   -32.774749756
    93.382690430    20.425321579   -32.855209351
    93.383277893    20.425180435   -32.935668945
    93.383857727    20.425037384   -33.016124725
    93.366142273    20.428306580   -30.602380753
    93.366722107    20.428165436   -30.682838440
    93.367309570    20.428022385   -30.763296127
    93.367881775    20.427883148   -30.843753815
    93.368461609    20.427742004   -30.924213409
    93.369049072    20.427600861   -31.004671097
    93.369628906    20.427459717   -31.085128784
    93.370208740    20.427318573   -31.165588379
    93.370796204    20.427175522   -31.246044159
    93.371368408    20.427036285   -31.326503754
    93.371948242    20.426895142   -31.406963348
    93.372535706    20.426753998   -31.487419128
    93.373115540    20.426612854   -31.567878723
    93.373695374    20.426471710   -31.648336411
    93.374282837    20.426330566   -31.728794098
    93.374855042    20.426189423   -31.809253693
    93.375434875    20.426048279   -31.889711380
    93.376022339    20.425907135   -31.970169067
    93.376602173    20.425765991   -32.050628662
    93.377182007    20.425624847   -32.131084442
    93.377761841    20.425483704   -32.211544037
    93.378349304    20.425342560   -32.292003632
    93.378921509    20.425201416   -32.372459412
    93.379501343    20.425060272   -32.452919006
    93.380088806    20.424919128   -32.533378601
    93.380668640    20.424777985   -32.613834381
    93.381248474    20.424636841   -32.694293976
    93.381835938    20.424495697   -32.774749756
    93.382408142    20.424354553   -32.855209351
    93.382987976    20.424213409   -32.935668945
    93.383575439    20.424072266   -33.016124725
    93.365859985    20.427341461   -30.602380753
    93.366439819    20.427198410   -30.682838440
    93.367019653    20.427057266   -30.763296127
    93.367599487    20.426918030   -30.843753815
    93.368179321    20.426776886   -30.924213409
    93.368759155    20.426635742   -31.004671097
    93.369346619    20.426494598   -31.085128784
    93.369926453    20.426351547   -31.165588379
    93.370506287    20.426210403   -31.246044159
    93.371086121    20.426071167   -31.326503754
    93.371665955    20.425930023   -31.406963348
    93.372245789    20.425788879   -31.487419128
    93.372833252    20.425647736   -31.567878723
    93.373413086    20.425506592   -31.648336411
    93.373992920    20.425363541   -31.728794098
    93.374565125    20.425224304   -31.809253693
    93.375152588    20.425083160   -31.889711380
    93.375732422    20.424942017   -31.970169067
    93.376312256    20.424800873   -32.050628662
    93.376899719    20.424659729   -32.131084442
    93.377479553    20.424518585   -32.211544037
    93.378059387    20.424375534   -32.292003632
    93.378639221    20.424236298   -32.372459412
    93.379219055    20.424095154   -32.452919006
    93.379798889    20.423954010   -32.533378601
    93.380386353    20.423812866   -32.613834381
    93.380966187    20.423671722   -32.694293976
    93.381546021    20.423530579   -32.774749756
    93.382125854    20.423389435   -32.855209351
    93.382705688    20.423248291   -32.935668945
    93.383285522    20.423107147   -33.016124725
    93.365570068    20.426374435   -30.602380753
    93.366157532    20.426233292   -30.682838440
    93.366737366    20.426092148   -30.763296127
    93.367309570    20.425952911   -30.843753815
    93.367897034    20.425811768   -30.924213409
    93.368476868    20.425670624   -31.004671097
    93.369056702    20.425527573   -31.085128784
    93.369644165    20.425386429   -31.165588379
    93.370223999    20.425245285   -31.246044159
    93.370796204    20.425106049   -31.326503754
    93.371383667    20.424964905   -31.406963348
    93.371963501    20.424823761   -31.487419128
    93.372543335    20.424682617   -31.567878723
    93.373123169    20.424539566   -31.648336411
    93.373710632    20.424398422   -31.728794098
    93.374282837    20.424259186   -31.809253693
    93.374862671    20.424118042   -31.889711380
    93.375450134    20.423976898   -31.970169067
    93.376029968    20.423835754   -32.050628662
    93.376609802    20.423694611   -32.131084442
    93.377197266    20.423551559   -32.211544037
    93.377777100    20.423410416   -32.292003632
    93.378349304    20.423271179   -32.372459412
    93.378936768    20.423130035   -32.452919006
    93.379516602    20.422988892   -32.533378601
    93.380096436    20.422847748   -32.613834381
    93.380683899    20.422706604   -32.694293976
    93.381263733    20.422563553   -32.774749756
    93.381835938    20.422424316   -32.855209351
    93.382415771    20.422283173   -32.935668945
    93.383003235    20.422142029   -33.016124725
    93.365287781    20.425409317   -30.602380753
    93.365867615    20.425268173   -30.682838440
    93.366455078    20.425127029   -30.763296127
    93.367027283    20.424987793   -30.843753815
    93.367607117    20.424846649   -30.924213409
    93.368194580    20.424703598   -31.004671097
    93.368774414    20.424562454   -31.085128784
    93.369354248    20.424421310   -31.165588379
    93.369934082    20.424280167   -31.246044159
    93.370513916    20.424140930   -31.326503754
    93.371093750    20.423999786   -31.406963348
    93.371673584    20.423858643   -31.487419128
    93.372261047    20.423715591   -31.567878723
    93.372840881    20.423574448   -31.648336411
    93.373420715    20.423433304   -31.728794098
    93.374000549    20.423294067   -31.809253693
    93.374580383    20.423152924   -31.889711380
    93.375160217    20.423011780   -31.970169067
    93.375747681    20.422870636   -32.050628662
    93.376327515    20.422727585   -32.131084442
    93.376907349    20.422586441   -32.211544037
    93.377494812    20.422445297   -32.292003632
    93.378067017    20.422306061   -32.372459412
    93.378646851    20.422164917   -32.452919006
    93.379226685    20.422023773   -32.533378601
    93.379814148    20.421882629   -32.613834381
    93.380393982    20.421739578   -32.694293976
    93.380973816    20.421598434   -32.774749756
    93.381553650    20.421459198   -32.855209351
    93.382133484    20.421318054   -32.935668945
    93.382713318    20.421176910   -33.016124725
