105
0.01000
0.02000
0.02200
0.02500
0.02900
0.03200
0.03600
0.04000
0.04200
0.04400
0.04600
0.04800
0.05000
0.05500
0.06000
0.06500
0.06700
0.07000
0.07500
0.08000
0.08500
0.09000
0.09500
0.10000
0.11000
0.12000
0.13000
0.13300
0.14000
0.15000
0.16000
0.17000
0.18000
0.19000
0.20000
0.22000
0.24000
0.26000
0.28000
0.29000
0.30000
0.32000
0.34000
0.36000
0.38000
0.40000
0.42000
0.44000
0.46000
0.48000
0.50000
0.55000
0.60000
0.65000
0.66700
0.70000
0.75000
0.80000
0.85000
0.90000
0.95000
1.00000
1.10000
1.20000
1.30000
1.40000
1.50000
1.60000
1.70000
1.80000
1.90000
2.00000
2.20000
2.40000
2.60000
2.80000
3.00000
3.20000
3.40000
3.60000
3.80000
4.00000
4.20000
4.40000
4.60000
4.80000
5.00000
5.50000
6.00000
6.50000
7.00000
7.50000
8.00000
8.50000
9.00000
9.50000
10.0000
3.50000
2.50000
0.45000
0.35000
0.25000
0.04500
0.03500
0.03000
